1 0.08031914893617022 0.3819444444444444 0.011702127659574468 0.013888888888888888
1 0.09867021276595744 0.5333333333333333 0.040957446808510635 0.08148148148148149
1 0.5013297872340425 0.3958333333333333 0.013297872340425532 0.01574074074074074
1 0.5468085106382978 0.40185185185185185 0.013829787234042552 0.018518518518518517
1 0.6510638297872341 0.4166666666666667 0.018085106382978722 0.022222222222222223
1 0.913031914893617 0.45231481481481484 0.023936170212765957 0.032407407407407406
0 0.09281914893617021 0.39537037037037037 0.011170212765957447 0.024074074074074074
0 0.1723404255319149 0.4041666666666667 0.011702127659574468 0.025
0 0.22021276595744682 0.4162037037037037 0.011702127659574468 0.030555555555555555
0 0.311436170212766 0.4393518518518518 0.017553191489361703 0.041666666666666664
0 0.47845744680851066 0.4837962962962963 0.02925531914893617 0.062037037037037036
0 0.700531914893617 0.5824074074074074 0.05531914893617021 0.11296296296296296
