1 0.24636363636363637 0.610472972972973 0.04 0.075
1 0.5347727272727273 0.5168918918918919 0.021363636363636362 0.03513513513513514
1 0.6306818181818182 0.4922297297297297 0.011363636363636364 0.025
1 0.7111363636363637 0.47871621621621624 0.009545454545454546 0.018243243243243244
1 0.764090909090909 0.47195945945945944 0.008181818181818182 0.015540540540540541
1 0.7961363636363636 0.46655405405405403 0.007727272727272728 0.01418918918918919
1 0.8563636363636363 0.46452702702702703 0.008181818181818182 0.012837837837837839
1 0.8865909090909091 0.4618243243243243 0.007727272727272728 0.012837837837837839
1 0.9315909090909091 0.4577702702702703 0.006818181818181818 0.011486486486486487
1 0.913409090909091 0.4597972972972973 0.006818181818181818 0.011486486486486487
0 0.9102272727272728 0.4918918918918919 0.019545454545454546 0.025675675675675677
0 0.8702272727272727 0.5168918918918919 0.022272727272727274 0.03513513513513514
0 0.8706818181818182 0.5577702702702703 0.03318181818181818 0.05337837837837838
0 0.7379545454545454 0.4540540540540541 0.004090909090909091 0.008108108108108109
0 0.6972727272727273 0.4506756756756757 0.0027272727272727275 0.005405405405405406
0 0.6761363636363636 0.4543918918918919 0.004090909090909091 0.007432432432432433
0 0.6570454545454546 0.4510135135135135 0.003181818181818182 0.006081081081081081
0 0.6290909090909091 0.4543918918918919 0.0027272727272727275 0.007432432432432433
0 0.6065909090909091 0.4516891891891892 0.003181818181818182 0.006081081081081081
0 0.5570454545454545 0.45472972972972975 0.004090909090909091 0.008108108108108109
0 0.5268181818181819 0.45304054054054055 0.0027272727272727275 0.006081081081081081
0 0.49522727272727274 0.4543918918918919 0.003181818181818182 0.007432432432432433
0 0.5520454545454545 0.4523648648648649 0.003181818181818182 0.006081081081081081
1 0.4622727272727273 0.45337837837837835 0.0027272727272727275 0.005405405405405406
1 0.47454545454545455 0.4557432432432432 0.0027272727272727275 0.007432432432432433
1 0.4490909090909091 0.4554054054054054 0.0027272727272727275 0.006756756756756757
1 0.4515909090909091 0.4543918918918919 0.0022727272727272726 0.006081081081081081
1 0.7459090909090909 0.45472972972972975 0.0036363636363636364 0.008108108108108109
1 0.7834090909090909 0.4489864864864865 0.0022727272727272726 0.00472972972972973
0 0.8936363636363637 0.4510135135135135 0.0036363636363636364 0.008783783783783784
1 0.9115909090909091 0.452027027027027 0.004090909090909091 0.008108108108108109
1 0.8525 0.45337837837837835 0.003181818181818182 0.008108108108108109
1 0.7911363636363636 0.4537162162162162 0.003181818181818182 0.007432432432432433
0 0.7940909090909091 0.4523648648648649 0.0027272727272727275 0.007432432432432433
1 0.5118181818181818 0.4557432432432432 0.0027272727272727275 0.007432432432432433
0 0.5143181818181818 0.4543918918918919 0.0022727272727272726 0.007432432432432433
1 0.5625 0.4560810810810811 0.003181818181818182 0.008108108108108109
1 0.6106818181818182 0.4564189189189189 0.004090909090909091 0.007432432432432433
1 0.4777272727272727 0.45337837837837835 0.0018181818181818182 0.005405405405405406
0 0.5015909090909091 0.4540540540540541 0.003181818181818182 0.006756756756756757
1 0.5404545454545454 0.4523648648648649 0.0027272727272727275 0.006081081081081081
1 0.5920454545454545 0.4510135135135135 0.0022727272727272726 0.00472972972972973
1 0.6395454545454545 0.4510135135135135 0.0027272727272727275 0.00472972972972973
1 0.6729545454545455 0.4560810810810811 0.003181818181818182 0.006756756756756757
1 0.7488636363636364 0.44966216216216215 0.0022727272727272726 0.00472972972972973
0 0.740909090909091 0.4503378378378378 0.0027272727272727275 0.006081081081081081
0 0.7688636363636364 0.45 0.0022727272727272726 0.005405405405405406
0 0.8072727272727273 0.44932432432432434 0.0027272727272727275 0.005405405405405406
0 0.8459090909090909 0.4489864864864865 0.0027272727272727275 0.00472972972972973
0 0.8845454545454545 0.44797297297297295 0.0027272727272727275 0.005405405405405406
1 0.8811363636363636 0.44797297297297295 0.0022727272727272726 0.005405405405405406
1 0.8193181818181818 0.44932432432432434 0.0022727272727272726 0.004054054054054054
