0 0.8561363636363636 0.5996621621621622 0.055 0.075
0 0.696590909090909 0.5114864864864865 0.022272727272727274 0.03513513513513514
0 0.7381818181818182 0.4902027027027027 0.01818181818181818 0.026351351351351353
0 0.8390909090909091 0.4820945945945946 0.017272727272727273 0.02364864864864865
1 0.7981818181818182 0.4685810810810811 0.01 0.018243243243243244
1 0.7072727272727273 0.46959459459459457 0.00909090909090909 0.01756756756756757
1 0.6113636363636363 0.47466216216216217 0.01 0.019594594594594596
1 0.5163636363636364 0.48783783783783785 0.011818181818181818 0.024324324324324326
1 0.4420454545454545 0.5118243243243243 0.01681818181818182 0.03310810810810811
1 0.32227272727272727 0.6172297297297298 0.04727272727272727 0.0777027027027027
