1 0.24977272727272729 0.6415540540540541 0.05954545454545455 0.08851351351351351
1 0.4713636363636364 0.5128378378378379 0.02090909090909091 0.03513513513513514
1 0.5468181818181819 0.48243243243243245 0.01090909090909091 0.021621621621621623
1 0.6247727272727273 0.46925675675675677 0.008636363636363636 0.016891891891891893
1 0.7220454545454545 0.4631756756756757 0.007727272727272728 0.015540540540540541
1 0.8240909090909091 0.4608108108108108 0.00909090909090909 0.014864864864864866
1 0.9252272727272727 0.4594594594594595 0.007727272727272728 0.014864864864864866
0 0.7304545454545455 0.49155405405405406 0.014545454545454545 0.027702702702702704
0 0.7527272727272727 0.5283783783783784 0.024545454545454544 0.041891891891891894
0 0.7922727272727272 0.4783783783783784 0.014545454545454545 0.022972972972972974
0 0.92 0.47297297297297297 0.014545454545454545 0.021621621621621623
