0 0.6147727272727272 0.4222972972972973 0.018636363636363635 0.031081081081081083
1 0.3884090909090909 0.4304054054054054 0.017727272727272727 0.032432432432432434
0 0.30727272727272725 0.3891891891891892 0.011818181818181818 0.021621621621621623
0 0.9231818181818182 0.4564189189189189 0.026363636363636363 0.03175675675675676
1 0.23954545454545453 0.41283783783783784 0.02181818181818182 0.02027027027027027
1 0.3090909090909091 0.422972972972973 0.015454545454545455 0.024324324324324326
0 0.7520454545454546 0.43851351351351353 0.019545454545454546 0.02702702702702703
1 0.4865909090909091 0.4135135135135135 0.013181818181818182 0.021621621621621623
0 0.3781818181818182 0.3989864864864865 0.017272727272727273 0.018243243243243244
1 0.5247727272727273 0.4483108108108108 0.023181818181818182 0.03986486486486487
0 0.4315909090909091 0.40202702702702703 0.014090909090909091 0.025675675675675677
2 0.5440909090909091 0.41824324324324325 0.014545454545454545 0.022972972972972974
2 0.6136363636363636 0.4668918918918919 0.02727272727272727 0.031081081081081083
