1 0.31522727272727274 0.2797297297297297 0.013181818181818182 0.013513513513513514
0 0.7440909090909091 0.3222972972972973 0.012727272727272728 0.01891891891891892
0 0.6511363636363636 0.31013513513513513 0.011363636363636364 0.016216216216216217
0 0.5686363636363636 0.2972972972972973 0.00909090909090909 0.02027027027027027
0 0.34863636363636363 0.2695945945945946 0.008181818181818182 0.016216216216216217
0 0.40454545454545454 0.27804054054054056 0.011818181818181818 0.01418918918918919
0 0.44431818181818183 0.2814189189189189 0.008636363636363636 0.018243243243243244
1 0.36818181818181817 0.2875 0.01 0.015540540540540541
1 0.42522727272727273 0.2929054054054054 0.010454545454545454 0.020945945945945947
1 0.48295454545454547 0.28952702702702704 0.008636363636363636 0.01418918918918919
1 0.5113636363636364 0.3043918918918919 0.011818181818181818 0.0222972972972973
2 0.5220454545454546 0.2945945945945946 0.008636363636363636 0.014864864864864866
2 0.5625 0.31385135135135134 0.015909090909090907 0.018243243243243244
