1 0.3584090909090909 0.6013513513513513 0.042272727272727274 0.07297297297297298
1 0.5806818181818182 0.5199324324324325 0.020454545454545454 0.03581081081081081
1 0.7175 0.49932432432432433 0.01681818181818182 0.02837837837837838
1 0.8204545454545454 0.4912162162162162 0.014545454545454545 0.022972972972972974
1 0.8968181818181818 0.48445945945945945 0.012727272727272728 0.021621621621621623
1 0.9254545454545454 0.46655405405405403 0.01 0.01418918918918919
1 0.8695454545454545 0.46114864864864863 0.007272727272727273 0.011486486486486487
1 0.8172727272727273 0.45878378378378376 0.006363636363636364 0.010810810810810811
1 0.7752272727272728 0.4574324324324324 0.005909090909090909 0.010810810810810811
1 0.7304545454545455 0.4574324324324324 0.004545454545454545 0.00945945945945946
1 0.6731818181818182 0.4570945945945946 0.005454545454545455 0.010135135135135136
1 0.6181818181818182 0.4570945945945946 0.004545454545454545 0.008783783783783784
1 0.5475 0.4570945945945946 0.004090909090909091 0.008783783783783784
1 0.5070454545454546 0.4560810810810811 0.004090909090909091 0.008108108108108109
1 0.4775 0.45472972972972975 0.003181818181818182 0.008108108108108109
0 0.8802272727272727 0.4574324324324324 0.005909090909090909 0.010810810810810811
0 0.8106818181818182 0.45675675675675675 0.005909090909090909 0.00945945945945946
0 0.7529545454545454 0.4560810810810811 0.005 0.00945945945945946
0 0.7097727272727272 0.45472972972972975 0.005 0.00945945945945946
0 0.6606818181818181 0.45472972972972975 0.005 0.00945945945945946
0 0.6104545454545455 0.45472972972972975 0.004545454545454545 0.00945945945945946
0 0.5643181818181818 0.45472972972972975 0.004090909090909091 0.008108108108108109
0 0.5336363636363637 0.4537162162162162 0.004545454545454545 0.008783783783783784
0 0.5270454545454546 0.4527027027027027 0.004090909090909091 0.008108108108108109
0 0.5122727272727273 0.4503378378378378 0.0036363636363636364 0.006081081081081081
1 0.49022727272727273 0.45135135135135135 0.003181818181818182 0.006756756756756757
1 0.4965909090909091 0.4510135135135135 0.003181818181818182 0.007432432432432433
1 0.4709090909090909 0.45337837837837835 0.0036363636363636364 0.008108108108108109
1 0.46090909090909093 0.45135135135135135 0.0027272727272727275 0.005405405405405406
1 0.4847727272727273 0.4523648648648649 0.0022727272727272726 0.006081081081081081
0 0.54 0.4516891891891892 0.0036363636363636364 0.007432432432432433
0 0.5502272727272727 0.4516891891891892 0.003181818181818182 0.006081081081081081
0 0.64 0.4506756756756757 0.0027272727272727275 0.005405405405405406
1 0.4275 0.45 0.0022727272727272726 0.004054054054054054
1 0.4381818181818182 0.4503378378378378 0.0027272727272727275 0.00472972972972973
1 0.445 0.4486486486486487 0.0018181818181818182 0.004054054054054054
0 0.4661363636363636 0.44932432432432434 0.0022727272727272726 0.005405405405405406
0 0.4788636363636364 0.4489864864864865 0.0022727272727272726 0.00472972972972973
0 0.5020454545454546 0.4489864864864865 0.0022727272727272726 0.00472972972972973
0 0.5586363636363636 0.44966216216216215 0.0027272727272727275 0.00472972972972973
0 0.5770454545454545 0.4506756756756757 0.0022727272727272726 0.005405405405405406
1 0.5997727272727272 0.45 0.0022727272727272726 0.004054054054054054
1 0.6275 0.4506756756756757 0.0022727272727272726 0.004054054054054054
1 0.6711363636363636 0.4506756756756757 0.0022727272727272726 0.004054054054054054
0 0.6972727272727273 0.4506756756756757 0.0027272727272727275 0.005405405405405406
0 0.7481818181818182 0.45135135135135135 0.0027272727272727275 0.005405405405405406
1 0.7172727272727273 0.45135135135135135 0.0018181818181818182 0.004054054054054054
1 0.76 0.4516891891891892 0.0027272727272727275 0.00472972972972973
0 0.7859090909090909 0.4516891891891892 0.0027272727272727275 0.00472972972972973
1 0.8359090909090909 0.4510135135135135 0.0027272727272727275 0.006081081081081081
1 0.8661363636363636 0.4510135135135135 0.0022727272727272726 0.00472972972972973
0 0.8772727272727273 0.45135135135135135 0.0027272727272727275 0.005405405405405406
1 0.9004545454545455 0.4506756756756757 0.0027272727272727275 0.005405405405405406
0 0.91 0.45135135135135135 0.0036363636363636364 0.005405405405405406
