1 0.9029545454545455 0.46047297297297296 0.009545454545454546 0.015540540540540541
1 0.755 0.46013513513513515 0.007272727272727273 0.014864864864864866
1 0.6461363636363636 0.4618243243243243 0.007727272727272728 0.016891891891891893
1 0.5445454545454546 0.46756756756756757 0.008181818181818182 0.016216216216216217
1 0.4384090909090909 0.47635135135135137 0.008636363636363636 0.01891891891891892
1 0.3531818181818182 0.49527027027027026 0.014545454545454545 0.025675675675675677
1 0.26 0.5317567567567567 0.025454545454545455 0.04054054054054054
1 0.125 0.6530405405405405 0.056363636363636366 0.09662162162162162
0 0.6270454545454546 0.55 0.02590909090909091 0.05
0 0.5352272727272728 0.5057432432432433 0.015 0.03175675675675676
0 0.5672727272727273 0.48277027027027025 0.011818181818181818 0.0222972972972973
0 0.6672727272727272 0.475 0.01090909090909091 0.02027027027027027
0 0.7804545454545454 0.47128378378378377 0.01090909090909091 0.019594594594594596
