1 0.0959090909090909 0.7101351351351352 0.06272727272727273 0.11621621621621622
1 0.9163636363636364 0.4726351351351351 0.011818181818181818 0.018243243243243244
1 0.8177272727272727 0.4668918918918919 0.008181818181818182 0.014864864864864866
1 0.7852272727272728 0.46283783783783783 0.006818181818181818 0.013513513513513514
1 0.7627272727272727 0.4527027027027027 0.004545454545454545 0.008108108108108109
1 0.7288636363636364 0.4510135135135135 0.003181818181818182 0.007432432432432433
1 0.24022727272727273 0.4706081081081081 0.004090909090909091 0.008783783783783784
1 0.3261363636363636 0.46554054054054056 0.004090909090909091 0.008108108108108109
1 0.4036363636363636 0.46114864864864863 0.0036363636363636364 0.007432432432432433
1 0.4647727272727273 0.4581081081081081 0.003181818181818182 0.006756756756756757
1 0.5127272727272727 0.4554054054054054 0.0036363636363636364 0.006756756756756757
1 0.5540909090909091 0.45337837837837835 0.0027272727272727275 0.005405405405405406
1 0.5875 0.4516891891891892 0.0022727272727272726 0.006081081081081081
1 0.6286363636363637 0.4510135135135135 0.0027272727272727275 0.00472972972972973
1 0.6681818181818182 0.45 0.0036363636363636364 0.006756756756756757
1 0.6968181818181818 0.4506756756756757 0.0036363636363636364 0.006756756756756757
1 0.7752272727272728 0.4543918918918919 0.003181818181818182 0.008783783783783784
1 0.7788636363636363 0.4570945945945946 0.003181818181818182 0.010135135135135136
1 0.7818181818181819 0.4597972972972973 0.0036363636363636364 0.011486486486486487
0 0.8597727272727272 0.4837837837837838 0.014090909090909091 0.022972972972972974
0 0.7252272727272727 0.47466216216216217 0.009545454545454546 0.016891891891891893
0 0.7079545454545455 0.4554054054054054 0.005 0.00945945945945946
0 0.6756818181818182 0.46554054054054056 0.005909090909090909 0.013513513513513514
0 0.6995454545454546 0.4574324324324324 0.005454545454545455 0.010810810810810811
0 0.6811363636363637 0.4614864864864865 0.005909090909090909 0.012162162162162163
0 0.6840909090909091 0.45304054054054055 0.0027272727272727275 0.007432432432432433
0 0.6570454545454546 0.4516891891891892 0.004090909090909091 0.007432432432432433
0 0.6188636363636364 0.4527027027027027 0.003181818181818182 0.006756756756756757
0 0.5468181818181819 0.4554054054054054 0.0036363636363636364 0.008108108108108109
0 0.49954545454545457 0.4581081081081081 0.0036363636363636364 0.008108108108108109
0 0.4268181818181818 0.4625 0.004545454545454545 0.010135135135135136
0 0.34045454545454545 0.46756756756756757 0.004545454545454545 0.00945945945945946
0 0.2340909090909091 0.4739864864864865 0.005454545454545455 0.011486486486486487
0 0.13704545454545455 0.4800675675675676 0.007727272727272728 0.012837837837837839
0 0.34704545454545455 0.5287162162162162 0.020454545454545454 0.03445945945945946
0 0.5931818181818181 0.5452702702702703 0.02727272727272727 0.0472972972972973
0 0.5843181818181818 0.45337837837837835 0.003181818181818182 0.006756756756756757
1 0.13477272727272727 0.47702702702702704 0.005 0.013513513513513514
