1 0.3940909090909091 0.5256756756756756 0.02181818181818182 0.03783783783783784
1 0.4581818181818182 0.48243243243243245 0.01090909090909091 0.021621621621621623
1 0.47613636363636364 0.46621621621621623 0.007727272727272728 0.016216216216216217
1 0.49068181818181816 0.45878378378378376 0.005909090909090909 0.012162162162162163
1 0.5018181818181818 0.4537162162162162 0.005454545454545455 0.010135135135135136
1 0.5247727272727273 0.4506756756756757 0.004090909090909091 0.00945945945945946
1 0.5654545454545454 0.4483108108108108 0.004545454545454545 0.008783783783783784
1 0.6111363636363636 0.44763513513513514 0.004090909090909091 0.008783783783783784
1 0.6518181818181819 0.4469594594594595 0.004545454545454545 0.008783783783783784
1 0.7072727272727273 0.4472972972972973 0.004545454545454545 0.008108108108108109
1 0.7786363636363637 0.44797297297297295 0.004545454545454545 0.00945945945945946
1 0.8477272727272728 0.4489864864864865 0.006363636363636364 0.011486486486486487
1 0.9190909090909091 0.4503378378378378 0.007272727272727273 0.012837837837837839
0 0.6834090909090909 0.527027027027027 0.022272727272727274 0.041891891891891894
0 0.610909090909091 0.4814189189189189 0.011818181818181818 0.0222972972972973
0 0.5845454545454546 0.46418918918918917 0.007272727272727273 0.014864864864864866
0 0.6025 0.4503378378378378 0.005 0.010135135135135136
0 0.5759090909090909 0.45304054054054055 0.0036363636363636364 0.010135135135135136
0 0.5795454545454546 0.4570945945945946 0.005454545454545455 0.011486486486486487
0 0.8759090909090909 0.45304054054054055 0.008181818181818182 0.01418918918918919
0 0.7943181818181818 0.45135135135135135 0.006818181818181818 0.010810810810810811
0 0.7120454545454545 0.44966216216216215 0.005909090909090909 0.010135135135135136
0 0.6465909090909091 0.4489864864864865 0.005 0.010135135135135136
