1 0.1509090909090909 0.5456081081081081 0.02909090909090909 0.04391891891891892
1 0.25545454545454543 0.5027027027027027 0.017272727272727273 0.02702702702702703
1 0.34204545454545454 0.48614864864864865 0.010454545454545454 0.019594594594594596
1 0.42159090909090907 0.4743243243243243 0.007727272727272728 0.016216216216216217
1 0.5025 0.46756756756756757 0.007727272727272728 0.014864864864864866
1 0.6056818181818182 0.46283783783783783 0.007727272727272728 0.013513513513513514
1 0.7052272727272727 0.4574324324324324 0.006818181818181818 0.012162162162162163
1 0.7152272727272727 0.44594594594594594 0.005 0.00945945945945946
1 0.6959090909090909 0.4527027027027027 0.004545454545454545 0.00945945945945946
1 0.7493181818181818 0.44391891891891894 0.004090909090909091 0.008108108108108109
1 0.8102272727272727 0.44256756756756754 0.003181818181818182 0.008108108108108109
1 0.8827272727272727 0.4418918918918919 0.005454545454545455 0.00945945945945946
0 0.87 0.4449324324324324 0.005454545454545455 0.010135135135135136
0 0.8275 0.4614864864864865 0.009545454545454546 0.016216216216216217
0 0.8072727272727273 0.44594594594594594 0.004545454545454545 0.010810810810810811
0 0.8065909090909091 0.45506756756756755 0.008636363636363636 0.015540540540540541
0 0.7886363636363637 0.4510135135135135 0.006363636363636364 0.011486486486486487
0 0.7854545454545454 0.46790540540540543 0.01090909090909091 0.018243243243243244
0 0.7786363636363637 0.4483108108108108 0.005454545454545455 0.011486486486486487
0 0.6804545454545454 0.4706081081081081 0.01 0.018243243243243244
0 0.5843181818181818 0.47297297297297297 0.008636363636363636 0.01891891891891892
0 0.5925 0.5712837837837837 0.029545454545454545 0.06013513513513514
0 0.4965909090909091 0.4810810810810811 0.010454545454545454 0.021621621621621623
0 0.4375 0.4945945945945946 0.014090909090909091 0.025675675675675677
0 0.4593181818181818 0.5182432432432432 0.021363636363636362 0.03513513513513514
1 0.08113636363636363 0.6324324324324324 0.035 0.07972972972972973
1 0.68 0.46047297297297296 0.00909090909090909 0.01418918918918919
1 0.696590909090909 0.4489864864864865 0.005 0.010135135135135136
