0 0.7927272727272727 0.5912162162162162 0.045454545454545456 0.06891891891891892
0 0.7070454545454545 0.5175675675675676 0.022272727272727274 0.03513513513513514
0 0.6790909090909091 0.49493243243243246 0.016363636363636365 0.025
0 0.7197727272727272 0.4777027027027027 0.011363636363636364 0.01891891891891892
0 0.6940909090909091 0.46925675675675677 0.007272727272727273 0.015540540540540541
0 0.6795454545454546 0.46216216216216216 0.006363636363636364 0.013513513513513514
0 0.6893181818181818 0.4577702702702703 0.005909090909090909 0.011486486486486487
0 0.7036363636363636 0.45472972972972975 0.004545454545454545 0.00945945945945946
0 0.7172727272727273 0.452027027027027 0.004545454545454545 0.010810810810810811
0 0.7070454545454545 0.4489864864864865 0.005 0.008783783783783784
0 0.7090909090909091 0.4445945945945946 0.0036363636363636364 0.006756756756756757
1 0.7140909090909091 0.44391891891891894 0.0036363636363636364 0.008108108108108109
1 0.32181818181818184 0.5756756756756757 0.038181818181818185 0.05945945945945946
1 0.44295454545454543 0.5138513513513514 0.018636363636363635 0.03175675675675676
1 0.47954545454545455 0.4888513513513513 0.01090909090909091 0.0222972972972973
1 0.543409090909091 0.47736486486486485 0.008636363636363636 0.018243243243243244
1 0.5636363636363636 0.4702702702702703 0.00909090909090909 0.014864864864864866
1 0.5788636363636364 0.4648648648648649 0.005909090909090909 0.013513513513513514
1 0.5859090909090909 0.46114864864864863 0.005454545454545455 0.011486486486486487
1 0.6018181818181818 0.4564189189189189 0.004545454545454545 0.010135135135135136
1 0.6209090909090909 0.4540540540540541 0.004545454545454545 0.00945945945945946
1 0.4056818181818182 0.4631756756756757 0.005 0.010135135135135136
0 0.39954545454545454 0.45337837837837835 0.0036363636363636364 0.006756756756756757
0 0.4268181818181818 0.452027027027027 0.0027272727272727275 0.006756756756756757
0 0.3184090909090909 0.46587837837837837 0.005909090909090909 0.011486486486486487
0 0.3025 0.45878378378378376 0.005 0.008108108108108109
0 0.24659090909090908 0.46925675675675677 0.006818181818181818 0.012837837837837839
1 0.2056818181818182 0.4756756756756757 0.007727272727272728 0.012162162162162163
1 0.10545454545454545 0.4800675675675676 0.007272727272727273 0.012837837837837839
1 0.45431818181818184 0.4597972972972973 0.004090909090909091 0.008783783783783784
1 0.5088636363636364 0.4557432432432432 0.004090909090909091 0.008783783783783784
1 0.5527272727272727 0.4523648648648649 0.0027272727272727275 0.007432432432432433
1 0.6120454545454546 0.44966216216216215 0.003181818181818182 0.008783783783783784
1 0.6472727272727272 0.4506756756756757 0.0036363636363636364 0.008108108108108109
1 0.6381818181818182 0.4527027027027027 0.0036363636363636364 0.008108108108108109
0 0.6293181818181818 0.44763513513513514 0.003181818181818182 0.007432432432432433
0 0.668409090909091 0.4462837837837838 0.003181818181818182 0.008783783783783784
0 0.7593181818181818 0.4449324324324324 0.003181818181818182 0.007432432432432433
0 0.8031818181818182 0.4449324324324324 0.0036363636363636364 0.007432432432432433
1 0.7759090909090909 0.4435810810810811 0.0027272727272727275 0.006081081081081081
1 0.30977272727272726 0.46959459459459457 0.005909090909090909 0.010810810810810811
0 0.07022727272727272 0.4722972972972973 0.006818181818181818 0.00945945945945946
0 0.5043181818181818 0.45304054054054055 0.003181818181818182 0.007432432432432433
0 0.11022727272727273 0.47635135135135137 0.005909090909090909 0.012162162162162163
0 0.12727272727272726 0.4689189189189189 0.005454545454545455 0.00945945945945946
1 0.20795454545454545 0.46283783783783783 0.004090909090909091 0.006756756756756757
0 0.22818181818181818 0.4635135135135135 0.004545454545454545 0.008108108108108109
1 0.28045454545454546 0.4591216216216216 0.0027272727272727275 0.006081081081081081
1 0.33 0.4564189189189189 0.0036363636363636364 0.00472972972972973
0 0.3525 0.4564189189189189 0.004090909090909091 0.006081081081081081
0 0.3968181818181818 0.46114864864864863 0.004545454545454545 0.008783783783783784
0 0.40795454545454546 0.4523648648648649 0.0022727272727272726 0.00472972972972973
1 0.43977272727272726 0.4506756756756757 0.0022727272727272726 0.004054054054054054
0 0.46045454545454545 0.4503378378378378 0.0027272727272727275 0.00472972972972973
1 0.4697727272727273 0.44932432432432434 0.0022727272727272726 0.004054054054054054
0 0.4904545454545455 0.4489864864864865 0.0027272727272727275 0.00472972972972973
1 0.49386363636363634 0.44763513513513514 0.0022727272727272726 0.00472972972972973
1 0.5143181818181818 0.4469594594594595 0.0022727272727272726 0.00472972972972973
0 0.5175 0.4472972972972973 0.0022727272727272726 0.004054054054054054
0 0.5356818181818181 0.452027027027027 0.004090909090909091 0.006756756756756757
0 0.5529545454545455 0.44594594594594594 0.0022727272727272726 0.004054054054054054
1 0.5493181818181818 0.4452702702702703 0.0022727272727272726 0.004054054054054054
1 0.5718181818181818 0.44425675675675674 0.0018181818181818182 0.0033783783783783786
0 0.57 0.4449324324324324 0.0018181818181818182 0.00472972972972973
1 0.5797727272727272 0.45135135135135135 0.004090909090909091 0.008108108108108109
0 0.5822727272727273 0.44932432432432434 0.0027272727272727275 0.008108108108108109
0 0.5902272727272727 0.44391891891891894 0.0022727272727272726 0.004054054054054054
0 0.6052272727272727 0.44391891891891894 0.0022727272727272726 0.004054054054054054
1 0.5929545454545454 0.44391891891891894 0.0022727272727272726 0.004054054054054054
1 0.6088636363636364 0.4435810810810811 0.0022727272727272726 0.0033783783783783786
0 0.6147727272727272 0.4449324324324324 0.0022727272727272726 0.00472972972972973
0 0.6179545454545454 0.4445945945945946 0.0022727272727272726 0.005405405405405406
1 0.625 0.4435810810810811 0.0018181818181818182 0.0033783783783783786
0 0.6359090909090909 0.4456081081081081 0.0027272727272727275 0.006081081081081081
1 0.6411363636363636 0.4503378378378378 0.003181818181818182 0.006081081081081081
1 0.6513636363636364 0.44425675675675674 0.0018181818181818182 0.00472972972972973
1 0.6465909090909091 0.44324324324324327 0.0022727272727272726 0.004054054054054054
1 0.6606818181818181 0.4445945945945946 0.0022727272727272726 0.005405405405405406
1 0.6836363636363636 0.44425675675675674 0.0027272727272727275 0.00472972972972973
1 0.6406818181818181 0.4435810810810811 0.0022727272727272726 0.00472972972972973
1 0.5329545454545455 0.4466216216216216 0.0022727272727272726 0.004054054054054054
0 0.5370454545454545 0.4466216216216216 0.0022727272727272726 0.004054054054054054
1 0.37545454545454543 0.4543918918918919 0.0027272727272727275 0.00472972972972973
1 0.7484090909090909 0.44391891891891894 0.003181818181818182 0.005405405405405406
1 0.7825 0.44324324324324327 0.0022727272727272726 0.005405405405405406
1 0.7863636363636364 0.44256756756756754 0.0027272727272727275 0.005405405405405406
1 0.8002272727272727 0.4418918918918919 0.0022727272727272726 0.004054054054054054
1 0.8213636363636364 0.4412162162162162 0.0027272727272727275 0.004054054054054054
0 0.8322727272727273 0.4449324324324324 0.0027272727272727275 0.006081081081081081
0 0.8368181818181818 0.4435810810810811 0.0027272727272727275 0.006081081081081081
0 0.8620454545454546 0.4412162162162162 0.003181818181818182 0.005405405405405406
0 0.8970454545454546 0.44054054054054054 0.003181818181818182 0.005405405405405406
0 0.9322727272727273 0.44054054054054054 0.0036363636363636364 0.005405405405405406
1 0.8497727272727272 0.44054054054054054 0.0022727272727272726 0.004054054054054054
1 0.8843181818181818 0.4402027027027027 0.0022727272727272726 0.00472972972972973
0 0.45386363636363636 0.4564189189189189 0.005 0.008783783783783784
1 0.10909090909090909 0.46824324324324323 0.005454545454545455 0.00945945945945946
