0 0.6825 0.5277027027027027 0.025 0.041891891891891894
0 0.6690909090909091 0.4918918918918919 0.014545454545454545 0.02702702702702703
0 0.6847727272727273 0.46824324324324323 0.008636363636363636 0.01756756756756757
0 0.7168181818181818 0.46013513513513515 0.007272727272727273 0.014864864864864866
0 0.7813636363636364 0.4564189189189189 0.007272727272727273 0.01418918918918919
0 0.8902272727272728 0.4560810810810811 0.008636363636363636 0.014864864864864866
1 0.8747727272727273 0.4503378378378378 0.006818181818181818 0.012837837837837839
1 0.8020454545454545 0.4503378378378378 0.006818181818181818 0.011486486486486487
1 0.7127272727272728 0.4523648648648649 0.005454545454545455 0.010135135135135136
1 0.6452272727272728 0.4560810810810811 0.005909090909090909 0.012162162162162163
1 0.6045454545454545 0.4608108108108108 0.006363636363636364 0.013513513513513514
1 0.5506818181818182 0.46925675675675677 0.009545454545454546 0.016891891891891893
1 0.5065909090909091 0.4804054054054054 0.010454545454545454 0.021621621621621623
1 0.43477272727272726 0.5064189189189189 0.01681818181818182 0.030405405405405407
1 0.2625 0.6138513513513514 0.05136363636363636 0.0804054054054054
