0 0.7768181818181819 0.5682432432432433 0.038181818181818185 0.05945945945945946
0 0.7084090909090909 0.5033783783783784 0.01681818181818182 0.02972972972972973
0 0.7097727272727272 0.4804054054054054 0.012272727272727272 0.021621621621621623
0 0.7695454545454545 0.47195945945945944 0.011818181818181818 0.018243243243243244
0 0.8847727272727273 0.46790540540540543 0.011363636363636364 0.018243243243243244
1 0.9059090909090909 0.4581081081081081 0.008181818181818182 0.013513513513513514
1 0.8131818181818182 0.45878378378378376 0.008181818181818182 0.013513513513513514
1 0.7188636363636364 0.46013513513513515 0.007727272727272728 0.013513513513513514
1 0.6302272727272727 0.46452702702702703 0.007727272727272728 0.01418918918918919
1 0.5613636363636364 0.4739864864864865 0.00909090909090909 0.018243243243243244
1 0.5 0.49324324324324326 0.014545454545454545 0.025675675675675677
1 0.3825 0.5476351351351352 0.028636363636363637 0.046621621621621624
