1 0.14068181818181819 0.6722972972972973 0.07227272727272727 0.10810810810810811
1 0.5238636363636363 0.5371621621621622 0.022272727272727274 0.04594594594594595
1 0.5306818181818181 0.47736486486486485 0.007727272727272728 0.019594594594594596
1 0.5595454545454546 0.4554054054054054 0.004545454545454545 0.010810810810810811
1 0.6172727272727273 0.49324324324324326 0.012727272727272728 0.025675675675675677
1 0.6177272727272727 0.4543918918918919 0.004545454545454545 0.010135135135135136
1 0.6318181818181818 0.5081081081081081 0.017272727272727273 0.031081081081081083
1 0.68 0.4543918918918919 0.004545454545454545 0.010135135135135136
1 0.7572727272727273 0.4560810810810811 0.004545454545454545 0.00945945945945946
1 0.9129545454545455 0.4625 0.007727272727272728 0.011486486486486487
0 0.5820454545454545 0.4648648648648649 0.007727272727272728 0.013513513513513514
0 0.5852272727272727 0.46013513513513515 0.005 0.012162162162162163
0 0.6293181818181818 0.47128378378378377 0.008636363636363636 0.018243243243243244
0 0.6322727272727273 0.45878378378378376 0.006363636363636364 0.012162162162162163
0 0.6906818181818182 0.45844594594594595 0.005909090909090909 0.011486486486486487
0 0.7159090909090909 0.4831081081081081 0.011818181818181818 0.02027027027027027
0 0.8425 0.49898648648648647 0.018636363636363635 0.027702702702702704
0 0.7631818181818182 0.4597972972972973 0.005454545454545455 0.011486486486486487
0 0.8572727272727273 0.4652027027027027 0.007272727272727273 0.012837837837837839
0 0.9336363636363636 0.47094594594594597 0.005454545454545455 0.013513513513513514
1 0.8395454545454546 0.4594594594594595 0.005454545454545455 0.010810810810810811
1 0.5068181818181818 0.4570945945945946 0.006363636363636364 0.011486486486486487
1 0.48818181818181816 0.46824324324324323 0.007272727272727273 0.014864864864864866
1 0.48522727272727273 0.46114864864864863 0.004090909090909091 0.012837837837837839
