0 0.8425 0.6381756756756757 0.05590909090909091 0.09391891891891892
0 0.7470454545454546 0.518581081081081 0.021363636363636362 0.03581081081081081
0 0.7036363636363636 0.4922297297297297 0.014545454545454545 0.026351351351351353
0 0.6077272727272728 0.47331081081081083 0.01 0.016891891891891893
0 0.6318181818181818 0.4557432432432432 0.005454545454545455 0.010135135135135136
0 0.5759090909090909 0.45472972972972975 0.005454545454545455 0.010810810810810811
0 0.5622727272727273 0.4516891891891892 0.004545454545454545 0.008783783783783784
0 0.5477272727272727 0.4527027027027027 0.0036363636363636364 0.008108108108108109
0 0.5284090909090909 0.4668918918918919 0.007727272727272728 0.014864864864864866
0 0.8975 0.44391891891891894 0.005 0.008108108108108109
0 0.8586363636363636 0.44425675675675674 0.004545454545454545 0.008783783783783784
0 0.8375 0.4456081081081081 0.004090909090909091 0.007432432432432433
0 0.8184090909090909 0.44763513513513514 0.004090909090909091 0.008783783783783784
0 0.8063636363636364 0.4486486486486487 0.004545454545454545 0.00945945945945946
0 0.7861363636363636 0.4516891891891892 0.005909090909090909 0.010135135135135136
0 0.765 0.4540540540540541 0.005454545454545455 0.010810810810810811
0 0.7097727272727272 0.4560810810810811 0.005909090909090909 0.012162162162162163
0 0.09431818181818181 0.47905405405405405 0.009545454545454546 0.014864864864864866
0 0.19386363636363638 0.4726351351351351 0.007727272727272728 0.012837837837837839
0 0.26 0.4689189189189189 0.007272727272727273 0.012162162162162163
0 0.32931818181818184 0.46554054054054056 0.005 0.010810810810810811
1 0.30068181818181816 0.6087837837837838 0.038636363636363635 0.07432432432432433
1 0.4395454545454546 0.5293918918918918 0.02090909090909091 0.03986486486486487
1 0.49454545454545457 0.49966216216216214 0.015454545454545455 0.026351351351351353
1 0.4879545454545455 0.48445945945945945 0.008636363636363636 0.021621621621621623
1 0.44386363636363635 0.4760135135135135 0.009545454545454546 0.016891891891891893
1 0.3884090909090909 0.47094594594594597 0.007727272727272728 0.014864864864864866
1 0.3340909090909091 0.4702702702702703 0.006363636363636364 0.013513513513513514
1 0.28454545454545455 0.47094594594594597 0.007272727272727273 0.013513513513513514
1 0.2177272727272727 0.4760135135135135 0.00909090909090909 0.01418918918918919
1 0.10363636363636364 0.48445945945945945 0.011818181818181818 0.01756756756756757
0 0.4602272727272727 0.46283783783783783 0.006818181818181818 0.012162162162162163
0 0.39636363636363636 0.4631756756756757 0.005454545454545455 0.011486486486486487
0 0.5422727272727272 0.4537162162162162 0.004545454545454545 0.008783783783783784
0 0.5975 0.4486486486486487 0.004090909090909091 0.008108108108108109
0 0.5811363636363637 0.45 0.004090909090909091 0.008108108108108109
1 0.8786363636363637 0.4418918918918919 0.004545454545454545 0.008108108108108109
1 0.8431818181818181 0.4435810810810811 0.0027272727272727275 0.00472972972972973
1 0.7936363636363636 0.4445945945945946 0.0036363636363636364 0.006756756756756757
1 0.7709090909090909 0.4462837837837838 0.0036363636363636364 0.007432432432432433
1 0.7577272727272727 0.4472972972972973 0.004545454545454545 0.008108108108108109
1 0.7368181818181818 0.4483108108108108 0.0036363636363636364 0.008783783783783784
1 0.7138636363636364 0.4506756756756757 0.004090909090909091 0.008108108108108109
1 0.6918181818181818 0.452027027027027 0.0036363636363636364 0.00945945945945946
1 0.6534090909090909 0.45304054054054055 0.004090909090909091 0.008783783783783784
1 0.6393181818181818 0.4489864864864865 0.003181818181818182 0.007432432432432433
1 0.625 0.45 0.0036363636363636364 0.008108108108108109
1 0.6197727272727273 0.4516891891891892 0.003181818181818182 0.008783783783783784
1 0.615 0.45135135135135135 0.0036363636363636364 0.00945945945945946
1 0.08204545454545455 0.4685810810810811 0.005 0.007432432432432433
0 0.10272727272727272 0.46824324324324323 0.004545454545454545 0.006756756756756757
1 0.16295454545454546 0.46452702702702703 0.004090909090909091 0.006081081081081081
0 0.2015909090909091 0.4625 0.004090909090909091 0.006081081081081081
1 0.23204545454545455 0.4608108108108108 0.003181818181818182 0.005405405405405406
0 0.26931818181818185 0.4594594594594595 0.003181818181818182 0.005405405405405406
1 0.28454545454545455 0.45878378378378376 0.0027272727272727275 0.005405405405405406
0 0.31113636363636366 0.4574324324324324 0.003181818181818182 0.005405405405405406
0 0.3381818181818182 0.4564189189189189 0.0027272727272727275 0.006081081081081081
1 0.35795454545454547 0.4543918918918919 0.0022727272727272726 0.00472972972972973
1 0.3815909090909091 0.45304054054054055 0.0022727272727272726 0.00472972972972973
0 0.39045454545454544 0.45337837837837835 0.0027272727272727275 0.005405405405405406
1 0.4068181818181818 0.452027027027027 0.0018181818181818182 0.004054054054054054
0 0.41295454545454546 0.4516891891891892 0.0022727272727272726 0.00472972972972973
0 0.43363636363636365 0.4510135135135135 0.0018181818181818182 0.00472972972972973
3 0.4304545454545455 0.44932432432432434 0.0027272727272727275 0.006756756756756757
3 0.44772727272727275 0.44932432432432434 0.0027272727272727275 0.006756756756756757
1 0.44363636363636366 0.44932432432432434 0.0018181818181818182 0.004054054054054054
0 0.46090909090909093 0.44932432432432434 0.0018181818181818182 0.004054054054054054
0 0.4797727272727273 0.4486486486486487 0.0022727272727272726 0.004054054054054054
1 0.4625 0.4486486486486487 0.0022727272727272726 0.004054054054054054
1 0.4843181818181818 0.44797297297297295 0.0022727272727272726 0.004054054054054054
0 0.49886363636363634 0.44797297297297295 0.0022727272727272726 0.004054054054054054
0 0.5193181818181818 0.4469594594594595 0.0022727272727272726 0.0033783783783783786
1 0.5081818181818182 0.4472972972972973 0.0018181818181818182 0.004054054054054054
1 0.5297727272727273 0.4466216216216216 0.0022727272727272726 0.004054054054054054
0 0.6097727272727272 0.44763513513513514 0.003181818181818182 0.006081081081081081
1 0.6320454545454546 0.4435810810810811 0.0022727272727272726 0.00472972972972973
1 0.6429545454545454 0.4429054054054054 0.0022727272727272726 0.00472972972972973
1 0.6509090909090909 0.4483108108108108 0.0027272727272727275 0.006081081081081081
1 0.6547727272727273 0.4466216216216216 0.003181818181818182 0.006756756756756757
1 0.6570454545454546 0.4456081081081081 0.0022727272727272726 0.00472972972972973
1 0.6593181818181818 0.44391891891891894 0.0022727272727272726 0.004054054054054054
1 0.6656818181818182 0.44425675675675674 0.0022727272727272726 0.00472972972972973
0 0.6229545454545454 0.4449324324324324 0.0022727272727272726 0.00472972972972973
0 0.5572727272727273 0.4452702702702703 0.0018181818181818182 0.004054054054054054
0 0.5784090909090909 0.4449324324324324 0.0022727272727272726 0.00472972972972973
1 0.553409090909091 0.4452702702702703 0.0022727272727272726 0.004054054054054054
1 0.5752272727272727 0.44391891891891894 0.0022727272727272726 0.005405405405405406
1 0.9125 0.4412162162162162 0.003181818181818182 0.005405405405405406
0 0.935 0.4429054054054054 0.0027272727272727275 0.006081081081081081
