0 0.8927272727272727 0.7439189189189189 0.08727272727272728 0.1445945945945946
1 0.43636363636363634 0.5625 0.02909090909090909 0.05337837837837838
1 0.639090909090909 0.5209459459459459 0.02181818181818182 0.03648648648648649
1 0.8025 0.5013513513513513 0.020454545454545454 0.02837837837837838
1 0.9040909090909091 0.4608108108108108 0.006363636363636364 0.010810810810810811
1 0.8093181818181818 0.4591216216216216 0.005909090909090909 0.010135135135135136
1 0.7625 0.4577702702702703 0.004090909090909091 0.008783783783783784
1 0.7302272727272727 0.4564189189189189 0.004090909090909091 0.007432432432432433
1 0.7238636363636364 0.45506756756756755 0.004090909090909091 0.007432432432432433
0 0.8975 0.4577702702702703 0.005909090909090909 0.010135135135135136
0 0.8334090909090909 0.4570945945945946 0.005909090909090909 0.010135135135135136
0 0.8188636363636363 0.4543918918918919 0.004090909090909091 0.007432432432432433
0 0.8047727272727273 0.4543918918918919 0.005 0.008783783783783784
0 0.7956818181818182 0.4560810810810811 0.005 0.00945945945945946
0 0.7879545454545455 0.45506756756756755 0.004090909090909091 0.008783783783783784
1 0.7465909090909091 0.4537162162162162 0.0022727272727272726 0.006081081081081081
1 0.11568181818181818 0.6820945945945946 0.0740909090909091 0.10878378378378378
1 0.7395454545454545 0.4543918918918919 0.0027272727272727275 0.006081081081081081
1 0.7531818181818182 0.4543918918918919 0.0027272727272727275 0.006081081081081081
0 0.7729545454545454 0.4537162162162162 0.003181818181818182 0.006081081081081081
1 0.6793181818181818 0.45135135135135135 0.003181818181818182 0.005405405405405406
1 0.6904545454545454 0.4523648648648649 0.0027272727272727275 0.00472972972972973
1 0.6979545454545455 0.45135135135135135 0.0022727272727272726 0.005405405405405406
1 0.7138636363636364 0.45304054054054055 0.0022727272727272726 0.00472972972972973
0 0.7159090909090909 0.452027027027027 0.0018181818181818182 0.005405405405405406
0 0.7204545454545455 0.452027027027027 0.0027272727272727275 0.005405405405405406
0 0.7352272727272727 0.452027027027027 0.0022727272727272726 0.005405405405405406
0 0.7422727272727273 0.4523648648648649 0.0027272727272727275 0.006081081081081081
0 0.860909090909091 0.4537162162162162 0.0027272727272727275 0.006081081081081081
1 0.8638636363636364 0.45337837837837835 0.0022727272727272726 0.005405405405405406
0 0.9081818181818182 0.45472972972972975 0.0027272727272727275 0.005405405405405406
