0 0.8088636363636363 0.5722972972972973 0.03954545454545454 0.060810810810810814
0 0.7422727272727273 0.5081081081081081 0.01818181818181818 0.033783783783783786
0 0.8018181818181818 0.4891891891891892 0.017272727272727273 0.02702702702702703
0 0.9322727272727273 0.4817567567567568 0.008181818181818182 0.021621621621621623
1 0.41704545454545455 0.5466216216216216 0.029545454545454545 0.04864864864864865
1 0.5179545454545454 0.4966216216216216 0.013181818181818182 0.02702702702702703
1 0.605909090909091 0.47736486486486485 0.01090909090909091 0.019594594594594596
1 0.7113636363636363 0.46959459459459457 0.00909090909090909 0.01756756756756757
1 0.8181818181818182 0.46587837837837837 0.01 0.016891891891891893
1 0.92 0.46452702702702703 0.01 0.015540540540540541
