2 0.6502272727272728 0.32432432432432434 0.01681818181818182 0.01756756756756757
0 0.6529545454545455 0.30608108108108106 0.010454545454545454 0.01891891891891892
1 0.5979545454545454 0.3253378378378378 0.012272727272727272 0.0222972972972973
0 0.4884090909090909 0.3236486486486487 0.011363636363636364 0.013513513513513514
1 0.5670454545454545 0.31756756756756754 0.008636363636363636 0.013513513513513514
1 0.5115909090909091 0.3331081081081081 0.011363636363636364 0.02027027027027027
1 0.455 0.3398648648648649 0.01 0.014864864864864866
1 0.4036363636363636 0.34425675675675677 0.012727272727272728 0.012837837837837839
0 0.5277272727272727 0.31756756756756754 0.00909090909090909 0.01756756756756757
0 0.7390909090909091 0.3 0.01090909090909091 0.016216216216216217
2 0.6054545454545455 0.31283783783783786 0.01 0.014864864864864866
0 0.8395454545454546 0.2891891891891892 0.013636363636363636 0.01756756756756757
0 0.4340909090909091 0.3273648648648649 0.008181818181818182 0.015540540540540541
