1 0.29818181818181816 0.5591216216216216 0.031818181818181815 0.05067567567567568
1 0.3522727272727273 0.49425675675675673 0.012727272727272728 0.02364864864864865
1 0.36863636363636365 0.475 0.008181818181818182 0.014864864864864866
1 0.3759090909090909 0.46655405405405403 0.006363636363636364 0.012837837837837839
1 0.3809090909090909 0.4597972972972973 0.004545454545454545 0.010135135135135136
1 0.3840909090909091 0.4564189189189189 0.0036363636363636364 0.008783783783783784
1 0.3865909090909091 0.4537162162162162 0.003181818181818182 0.007432432432432433
3 0.38954545454545453 0.4489864864864865 0.0036363636363636364 0.011486486486486487
1 0.39386363636363636 0.4489864864864865 0.003181818181818182 0.006081081081081081
1 0.40204545454545454 0.44763513513513514 0.0022727272727272726 0.00472972972972973
1 0.9272727272727272 0.44054054054054054 0.004545454545454545 0.008108108108108109
1 0.8852272727272728 0.44054054054054054 0.004090909090909091 0.008108108108108109
0 0.5725 0.5094594594594595 0.018636363636363635 0.03513513513513514
0 0.49863636363636366 0.4780405405405405 0.01 0.019594594594594596
0 0.4756818181818182 0.46824324324324323 0.007727272727272728 0.014864864864864866
0 0.46454545454545454 0.4631756756756757 0.006363636363636364 0.012837837837837839
0 0.44772727272727275 0.45506756756756755 0.0036363636363636364 0.008783783783783784
0 0.44272727272727275 0.45304054054054055 0.0036363636363636364 0.007432432432432433
3 0.4375 0.44797297297297295 0.003181818181818182 0.010810810810810811
0 0.8975 0.4429054054054054 0.004090909090909091 0.008783783783783784
0 0.8529545454545454 0.4429054054054054 0.005 0.008783783783783784
0 0.8002272727272727 0.44222972972972974 0.004090909090909091 0.007432432432432433
0 0.7529545454545454 0.44256756756756754 0.003181818181818182 0.006756756756756757
0 0.7154545454545455 0.44256756756756754 0.0027272727272727275 0.006756756756756757
0 0.46045454545454545 0.4445945945945946 0.0027272727272727275 0.005405405405405406
1 0.4156818181818182 0.4466216216216216 0.0022727272727272726 0.005405405405405406
1 0.43022727272727274 0.4449324324324324 0.0022727272727272726 0.00472972972972973
1 0.4525 0.4435810810810811 0.0022727272727272726 0.00472972972972973
0 0.4395454545454546 0.452027027027027 0.0027272727272727275 0.006756756756756757
0 0.4425 0.4462837837837838 0.0022727272727272726 0.006081081081081081
0 0.45022727272727275 0.4452702702702703 0.0022727272727272726 0.005405405405405406
1 0.5645454545454546 0.4412162162162162 0.0018181818181818182 0.004054054054054054
1 0.5961363636363637 0.4402027027027027 0.0022727272727272726 0.00472972972972973
1 0.6227272727272727 0.4402027027027027 0.0018181818181818182 0.00472972972972973
0 0.6013636363636363 0.4408783783783784 0.0027272727272727275 0.00472972972972973
0 0.5804545454545454 0.4408783783783784 0.0027272727272727275 0.00472972972972973
0 0.5334090909090909 0.44222972972972974 0.0022727272727272726 0.00472972972972973
0 0.5577272727272727 0.4408783783783784 0.0018181818181818182 0.00472972972972973
0 0.5093181818181818 0.44256756756756754 0.0022727272727272726 0.004054054054054054
0 0.4802272727272727 0.44324324324324327 0.003181818181818182 0.005405405405405406
0 0.6331818181818182 0.44054054054054054 0.0027272727272727275 0.005405405405405406
0 0.6609090909090909 0.4408783783783784 0.0027272727272727275 0.00472972972972973
0 0.6845454545454546 0.4412162162162162 0.0027272727272727275 0.005405405405405406
1 0.6813636363636364 0.43986486486486487 0.0027272727272727275 0.005405405405405406
1 0.6543181818181818 0.4402027027027027 0.0022727272727272726 0.00472972972972973
1 0.7136363636363636 0.43986486486486487 0.0018181818181818182 0.005405405405405406
1 0.7338636363636364 0.4402027027027027 0.0022727272727272726 0.00472972972972973
1 0.7615909090909091 0.44054054054054054 0.003181818181818182 0.005405405405405406
1 0.7920454545454545 0.4408783783783784 0.003181818181818182 0.006081081081081081
1 0.8159090909090909 0.43885135135135134 0.0018181818181818182 0.00472972972972973
1 0.8245454545454546 0.43885135135135134 0.0018181818181818182 0.006081081081081081
1 0.8270454545454545 0.4408783783783784 0.003181818181818182 0.007432432432432433
1 0.8311363636363637 0.4391891891891892 0.0022727272727272726 0.004054054054054054
1 0.8422727272727273 0.4391891891891892 0.0027272727272727275 0.005405405405405406
0 0.8490909090909091 0.439527027027027 0.0027272727272727275 0.00472972972972973
0 0.8640909090909091 0.439527027027027 0.0027272727272727275 0.00472972972972973
0 0.8731818181818182 0.4391891891891892 0.0027272727272727275 0.005405405405405406
1 0.860909090909091 0.439527027027027 0.0018181818181818182 0.00472972972972973
1 0.8795454545454545 0.439527027027027 0.0027272727272727275 0.006081081081081081
0 0.8936363636363637 0.43986486486486487 0.0027272727272727275 0.006756756756756757
1 0.9129545454545455 0.43986486486486487 0.003181818181818182 0.006756756756756757
1 0.5347727272727273 0.44155405405405407 0.0013636363636363637 0.0033783783783783786
