1 0.345 0.5800675675675676 0.03363636363636364 0.05878378378378379
1 0.46545454545454545 0.518581081081081 0.02 0.03445945945945946
1 0.5559090909090909 0.48952702702702705 0.011818181818181818 0.02364864864864865
1 0.6084090909090909 0.4760135135135135 0.008636363636363636 0.016891891891891893
1 0.6913636363636364 0.4689189189189189 0.008181818181818182 0.014864864864864866
1 0.8004545454545454 0.46587837837837837 0.008181818181818182 0.01418918918918919
0 0.7311363636363636 0.4868243243243243 0.012272727272727272 0.0222972972972973
0 0.7195454545454546 0.5121621621621621 0.02181818181818182 0.033783783783783786
0 0.8061363636363637 0.4780405405405405 0.011363636363636364 0.019594594594594596
1 0.8915909090909091 0.4652027027027027 0.008636363636363636 0.015540540540540541
0 0.9111363636363636 0.6871621621621622 0.049545454545454545 0.11486486486486487
