1 0.3377272727272727 0.5709459459459459 0.03272727272727273 0.05810810810810811
1 0.475 0.5043918918918919 0.014545454545454545 0.030405405405405407
1 0.5345454545454545 0.4834459459459459 0.011818181818181818 0.0222972972972973
1 0.6002272727272727 0.46925675675675677 0.007727272727272728 0.016891891891891893
1 0.6454545454545455 0.4625 0.006363636363636364 0.01418918918918919
1 0.7206818181818182 0.4581081081081081 0.006818181818181818 0.012162162162162163
1 0.8222727272727273 0.4557432432432432 0.006363636363636364 0.012837837837837839
0 0.8106818181818182 0.4648648648648649 0.008636363636363636 0.016216216216216217
0 0.7386363636363636 0.46959459459459457 0.00909090909090909 0.01756756756756757
0 0.7106818181818182 0.48243243243243245 0.014090909090909091 0.022972972972972974
0 0.7306818181818182 0.5300675675675676 0.02409090909090909 0.04391891891891892
0 0.8686363636363637 0.6648648648648648 0.05909090909090909 0.10810810810810811
1 0.9068181818181819 0.4560810810810811 0.00909090909090909 0.014864864864864866
