0 0.8863636363636364 0.6307432432432433 0.06545454545454546 0.08851351351351351
0 0.7393181818181818 0.5162162162162162 0.020454545454545454 0.03648648648648649
0 0.7286363636363636 0.4864864864864865 0.013636363636363636 0.025675675675675677
0 0.7911363636363636 0.47533783783783784 0.013181818181818182 0.020945945945945947
1 0.9277272727272727 0.45844594594594595 0.00909090909090909 0.015540540540540541
0 0.9156818181818182 0.4706081081081081 0.013181818181818182 0.019594594594594596
1 0.8288636363636364 0.4594594594594595 0.008636363636363636 0.014864864864864866
1 0.7281818181818182 0.4614864864864865 0.007272727272727273 0.014864864864864866
1 0.6338636363636364 0.46621621621621623 0.008636363636363636 0.016216216216216217
1 0.5597727272727273 0.4780405405405405 0.009545454545454546 0.019594594594594596
1 0.4918181818181818 0.5023648648648649 0.01818181818181818 0.030405405405405407
1 0.33 0.5885135135135136 0.04 0.06486486486486487
