0 0.8722727272727273 0.5925675675675676 0.042727272727272725 0.07162162162162163
0 0.8431818181818181 0.4939189189189189 0.019090909090909092 0.02702702702702703
0 0.8288636363636364 0.5287162162162162 0.02590909090909091 0.03986486486486487
0 0.87 0.47331081081081083 0.01090909090909091 0.018243243243243244
0 0.8611363636363636 0.48074324324324325 0.013181818181818182 0.020945945945945947
1 0.44636363636363635 0.5432432432432432 0.02909090909090909 0.0472972972972973
1 0.5613636363636364 0.5006756756756757 0.014545454545454545 0.02972972972972973
1 0.6438636363636364 0.48243243243243245 0.010454545454545454 0.02027027027027027
1 0.6929545454545455 0.47331081081081083 0.008636363636363636 0.016891891891891893
1 0.7197727272727272 0.46655405405405403 0.006818181818181818 0.01418918918918919
1 0.7727272727272727 0.46385135135135136 0.007272727272727273 0.012837837837837839
1 0.7968181818181819 0.4608108108108108 0.007272727272727273 0.012162162162162163
1 0.8175 0.45878378378378376 0.005 0.010810810810810811
1 0.8311363636363637 0.4564189189189189 0.005909090909090909 0.010135135135135136
1 0.8561363636363636 0.45337837837837835 0.004090909090909091 0.008108108108108109
1 0.8838636363636364 0.4510135135135135 0.005 0.011486486486486487
1 0.9097727272727273 0.4516891891891892 0.004090909090909091 0.008783783783783784
1 0.9265909090909091 0.4503378378378378 0.004090909090909091 0.008783783783783784
1 0.9211363636363636 0.4489864864864865 0.005 0.008783783783783784
1 0.3643181818181818 0.4581081081081081 0.003181818181818182 0.006756756756756757
1 0.3675 0.4570945945945946 0.0022727272727272726 0.006081081081081081
1 0.38 0.4570945945945946 0.0027272727272727275 0.00472972972972973
1 0.3922727272727273 0.4591216216216216 0.0027272727272727275 0.006081081081081081
1 0.3965909090909091 0.4560810810810811 0.003181818181818182 0.005405405405405406
0 0.4147727272727273 0.45675675675675675 0.003181818181818182 0.006756756756756757
0 0.42204545454545456 0.4557432432432432 0.003181818181818182 0.006081081081081081
0 0.435 0.4570945945945946 0.0027272727272727275 0.007432432432432433
1 0.43204545454545457 0.4577702702702703 0.003181818181818182 0.007432432432432433
0 0.44886363636363635 0.45506756756756755 0.003181818181818182 0.006081081081081081
0 0.475 0.4537162162162162 0.0027272727272727275 0.006081081081081081
1 0.48568181818181816 0.4581081081081081 0.003181818181818182 0.008108108108108109
1 0.5354545454545454 0.4570945945945946 0.0027272727272727275 0.007432432432432433
1 0.5627272727272727 0.4510135135135135 0.0027272727272727275 0.00472972972972973
1 0.5159090909090909 0.452027027027027 0.0027272727272727275 0.005405405405405406
1 0.4631818181818182 0.4540540540540541 0.0018181818181818182 0.005405405405405406
0 0.48 0.45675675675675675 0.0036363636363636364 0.008108108108108109
0 0.5304545454545454 0.4523648648648649 0.0027272727272727275 0.006081081081081081
0 0.5536363636363636 0.4554054054054054 0.0036363636363636364 0.008108108108108109
0 0.58 0.4510135135135135 0.0027272727272727275 0.006081081081081081
0 0.6181818181818182 0.4503378378378378 0.0027272727272727275 0.006081081081081081
0 0.6581818181818182 0.45337837837837835 0.0036363636363636364 0.008108108108108109
1 0.5972727272727273 0.4560810810810811 0.0036363636363636364 0.008108108108108109
0 0.6002272727272727 0.45472972972972975 0.003181818181818182 0.008108108108108109
1 0.6663636363636364 0.4543918918918919 0.0036363636363636364 0.008783783783783784
1 0.7075 0.45337837837837835 0.004090909090909091 0.006756756756756757
1 0.7595454545454545 0.4523648648648649 0.0036363636363636364 0.007432432432432433
1 0.8090909090909091 0.4506756756756757 0.0027272727272727275 0.008108108108108109
1 0.8427272727272728 0.44966216216216215 0.004545454545454545 0.008783783783783784
0 0.9331818181818182 0.4452702702702703 0.0036363636363636364 0.006756756756756757
0 0.9129545454545455 0.4469594594594595 0.003181818181818182 0.008783783783783784
0 0.8495454545454545 0.44797297297297295 0.0036363636363636364 0.008108108108108109
0 0.7925 0.44966216216216215 0.003181818181818182 0.007432432432432433
0 0.7572727272727273 0.45 0.0027272727272727275 0.006756756756756757
0 0.7163636363636363 0.44763513513513514 0.0018181818181818182 0.00472972972972973
0 0.6831818181818182 0.4486486486486487 0.0027272727272727275 0.005405405405405406
1 0.6961363636363637 0.4486486486486487 0.0022727272727272726 0.004054054054054054
1 0.7265909090909091 0.44763513513513514 0.0022727272727272726 0.0033783783783783786
1 0.7534090909090909 0.4469594594594595 0.0022727272727272726 0.00472972972972973
1 0.7772727272727272 0.4466216216216216 0.0027272727272727275 0.004054054054054054
0 0.7806818181818181 0.4469594594594595 0.0022727272727272726 0.00472972972972973
0 0.7488636363636364 0.4472972972972973 0.0022727272727272726 0.005405405405405406
0 0.8045454545454546 0.4462837837837838 0.0027272727272727275 0.006081081081081081
0 0.8254545454545454 0.44594594594594594 0.0027272727272727275 0.005405405405405406
0 0.8768181818181818 0.44425675675675674 0.0027272727272727275 0.00472972972972973
0 0.9059090909090909 0.4452702702702703 0.0027272727272727275 0.005405405405405406
0 0.8977272727272727 0.4449324324324324 0.0027272727272727275 0.00472972972972973
0 0.9165909090909091 0.4445945945945946 0.0022727272727272726 0.005405405405405406
1 0.9290909090909091 0.44391891891891894 0.0027272727272727275 0.004054054054054054
1 0.8002272727272727 0.4462837837837838 0.0022727272727272726 0.00472972972972973
1 0.8218181818181818 0.4452702702702703 0.0018181818181818182 0.004054054054054054
