1 0.4843181818181818 0.43783783783783786 0.02409090909090909 0.04594594594594595
1 0.5213636363636364 0.4060810810810811 0.02181818181818182 0.03513513513513514
1 0.548409090909091 0.3929054054054054 0.020454545454545454 0.020945945945945947
1 0.5718181818181818 0.3793918918918919 0.019090909090909092 0.019594594594594596
1 0.7413636363636363 0.41114864864864864 0.019090909090909092 0.026351351351351353
0 0.7390909090909091 0.3689189189189189 0.01 0.022972972972972974
0 0.7452272727272727 0.38344594594594594 0.012272727272727272 0.018243243243243244
0 0.769090909090909 0.4418918918918919 0.024545454545454544 0.04594594594594595
2 0.4381818181818182 0.4689189189189189 0.04090909090909091 0.041891891891891894
0 0.8240909090909091 0.5003378378378378 0.05090909090909091 0.04932432432432433
2 0.7543181818181818 0.4266891891891892 0.021363636363636362 0.030405405405405407
0 0.8754545454545455 0.614527027027027 0.06909090909090909 0.08581081081081081
0 0.7547727272727273 0.3929054054054054 0.012272727272727272 0.03175675675675676
