0 0.7606818181818182 0.5956081081081082 0.045 0.0722972972972973
0 0.3331818181818182 0.543918918918919 0.03 0.04594594594594595
0 0.11840909090909091 0.5341216216216216 0.03227272727272727 0.03986486486486487
0 0.07431818181818182 0.46452702702702703 0.008636363636363636 0.011486486486486487
0 0.826590909090909 0.4516891891891892 0.006818181818181818 0.011486486486486487
0 0.7090909090909091 0.45304054054054055 0.005454545454545455 0.011486486486486487
0 0.600909090909091 0.4543918918918919 0.005454545454545455 0.011486486486486487
0 0.5245454545454545 0.4557432432432432 0.006363636363636364 0.011486486486486487
0 0.4138636363636364 0.4577702702702703 0.005909090909090909 0.011486486486486487
0 0.32022727272727275 0.4591216216216216 0.005909090909090909 0.011486486486486487
0 0.20318181818181819 0.4614864864864865 0.008181818181818182 0.012162162162162163
1 0.14522727272727273 0.45878378378378376 0.005909090909090909 0.010810810810810811
1 0.25045454545454543 0.4570945945945946 0.005454545454545455 0.010135135135135136
1 0.34863636363636363 0.45472972972972975 0.0036363636363636364 0.00945945945945946
1 0.43318181818181817 0.45304054054054055 0.0036363636363636364 0.008783783783783784
1 0.6070454545454546 0.4503378378378378 0.004090909090909091 0.008783783783783784
1 0.6922727272727273 0.44966216216216215 0.0036363636363636364 0.008783783783783784
1 0.7886363636363637 0.4483108108108108 0.0036363636363636364 0.010135135135135136
1 0.8861363636363636 0.4466216216216216 0.005 0.00945945945945946
1 0.5261363636363636 0.452027027027027 0.005 0.00945945945945946
