1 0.928409090909091 0.4594594594594595 0.008636363636363636 0.014864864864864866
1 0.8281818181818181 0.4608108108108108 0.00909090909090909 0.014864864864864866
1 0.7268181818181818 0.46283783783783783 0.008181818181818182 0.016216216216216217
1 0.6304545454545455 0.46790540540540543 0.00909090909090909 0.016891891891891893
1 0.555 0.48074324324324325 0.01 0.020945945945945947
1 0.4838636363636364 0.5074324324324324 0.019545454545454546 0.032432432432432434
1 0.2990909090909091 0.6097972972972973 0.04818181818181818 0.07364864864864865
0 0.9197727272727273 0.47162162162162163 0.013181818181818182 0.02027027027027027
0 0.7927272727272727 0.4766891891891892 0.014545454545454545 0.020945945945945947
0 0.7306818181818182 0.4891891891891892 0.014090909090909091 0.025675675675675677
0 0.7463636363636363 0.5219594594594594 0.02181818181818182 0.038513513513513516
0 0.9161363636363636 0.6611486486486486 0.03954545454545454 0.10067567567567567
