0 0.8147727272727273 0.5851351351351352 0.045 0.06486486486486487
0 0.8 0.46925675675675677 0.01 0.015540540540540541
0 0.7868181818181819 0.46283783783783783 0.006363636363636364 0.013513513513513514
0 0.7806818181818181 0.4577702702702703 0.005909090909090909 0.011486486486486487
0 0.7959090909090909 0.45472972972972975 0.004545454545454545 0.010810810810810811
0 0.7461363636363636 0.47736486486486485 0.006818181818181818 0.019594594594594596
0 0.7493181818181818 0.48614864864864865 0.009545454545454546 0.02364864864864865
0 0.7561363636363636 0.5091216216216217 0.021363636363636362 0.03175675675675676
0 0.7872727272727272 0.4462837837837838 0.0036363636363636364 0.007432432432432433
0 0.7568181818181818 0.4449324324324324 0.0027272727272727275 0.006081081081081081
0 0.7459090909090909 0.4469594594594595 0.0036363636363636364 0.007432432432432433
0 0.8154545454545454 0.4527027027027027 0.005454545454545455 0.010810810810810811
0 0.8286363636363636 0.4469594594594595 0.0036363636363636364 0.008783783783783784
0 0.8340909090909091 0.4510135135135135 0.0036363636363636364 0.008783783783783784
0 0.6970454545454545 0.44797297297297295 0.003181818181818182 0.008108108108108109
0 0.5284090909090909 0.4564189189189189 0.003181818181818182 0.008783783783783784
0 0.5502272727272727 0.44966216216216215 0.0022727272727272726 0.006081081081081081
0 0.4865909090909091 0.4527027027027027 0.0022727272727272726 0.006756756756756757
0 0.46795454545454546 0.45844594594594595 0.004090909090909091 0.008783783783783784
0 0.4470454545454545 0.45472972972972975 0.003181818181818182 0.006756756756756757
0 0.41659090909090907 0.4597972972972973 0.004090909090909091 0.008783783783783784
0 0.3922727272727273 0.45675675675675675 0.0027272727272727275 0.006756756756756757
0 0.3277272727272727 0.4597972972972973 0.0027272727272727275 0.008783783783783784
0 0.33 0.46418918918918917 0.004545454545454545 0.00945945945945946
0 0.29568181818181816 0.4614864864864865 0.003181818181818182 0.008108108108108109
0 0.2731818181818182 0.46554054054054056 0.004545454545454545 0.00945945945945946
0 0.25977272727272727 0.46385135135135136 0.004090909090909091 0.008783783783783784
0 0.2484090909090909 0.46554054054054056 0.004090909090909091 0.00945945945945946
1 0.40545454545454546 0.5459459459459459 0.024545454545454544 0.04594594594594595
1 0.5215909090909091 0.49932432432432433 0.014090909090909091 0.02702702702702703
1 0.575 0.4820945945945946 0.01 0.019594594594594596
1 0.5986363636363636 0.47195945945945944 0.007272727272727273 0.015540540540540541
1 0.5368181818181819 0.4574324324324324 0.004545454545454545 0.00945945945945946
1 0.5770454545454545 0.45472972972972975 0.004090909090909091 0.008108108108108109
1 0.3947727272727273 0.4635135135135135 0.004090909090909091 0.00945945945945946
1 0.3352272727272727 0.46554054054054056 0.003181818181818182 0.00945945945945946
1 0.2672727272727273 0.4672297297297297 0.004545454545454545 0.010135135135135136
1 0.21272727272727274 0.4685810810810811 0.004545454545454545 0.008783783783783784
1 0.17545454545454545 0.4689189189189189 0.004545454545454545 0.00945945945945946
1 0.18295454545454545 0.46655405405405403 0.004090909090909091 0.007432432432432433
1 0.20318181818181819 0.46587837837837837 0.0036363636363636364 0.007432432432432433
1 0.22704545454545455 0.46418918918918917 0.003181818181818182 0.006756756756756757
1 0.31431818181818183 0.4597972972972973 0.0022727272727272726 0.006081081081081081
1 0.3770454545454546 0.45675675675675675 0.003181818181818182 0.005405405405405406
1 0.6484090909090909 0.4668918918918919 0.006818181818181818 0.013513513513513514
1 0.6679545454545455 0.4625 0.005909090909090909 0.011486486486486487
1 0.6829545454545455 0.4591216216216216 0.004090909090909091 0.011486486486486487
1 0.6922727272727273 0.4570945945945946 0.005454545454545455 0.010135135135135136
1 0.71 0.45337837837837835 0.004545454545454545 0.00945945945945946
1 0.7306818181818182 0.4516891891891892 0.004090909090909091 0.008783783783783784
1 0.725909090909091 0.4486486486486487 0.0036363636363636364 0.008108108108108109
1 0.6663636363636364 0.4510135135135135 0.0027272727272727275 0.007432432432432433
1 0.625 0.4527027027027027 0.0027272727272727275 0.006756756756756757
0 0.6511363636363636 0.45 0.003181818181818182 0.006756756756756757
1 0.7602272727272728 0.44932432432432434 0.003181818181818182 0.008108108108108109
0 0.7397727272727272 0.4445945945945946 0.003181818181818182 0.005405405405405406
0 0.8984090909090909 0.44391891891891894 0.003181818181818182 0.008108108108108109
1 0.8879545454545454 0.4429054054054054 0.0022727272727272726 0.006081081081081081
1 0.9229545454545455 0.4429054054054054 0.003181818181818182 0.006081081081081081
1 0.9327272727272727 0.44222972972972974 0.0027272727272727275 0.006081081081081081
1 0.8463636363636363 0.4429054054054054 0.0027272727272727275 0.006081081081081081
0 0.6097727272727272 0.4472972972972973 0.0022727272727272726 0.005405405405405406
0 0.6218181818181818 0.45135135135135135 0.0027272727272727275 0.006756756756756757
1 0.7493181818181818 0.4506756756756757 0.003181818181818182 0.008108108108108109
0 0.8377272727272728 0.4489864864864865 0.0036363636363636364 0.008783783783783784
1 0.5620454545454545 0.44932432432432434 0.0022727272727272726 0.004054054054054054
1 0.5897727272727272 0.44797297297297295 0.0022727272727272726 0.004054054054054054
0 0.5813636363636364 0.4486486486486487 0.0027272727272727275 0.005405405405405406
1 0.6129545454545454 0.4469594594594595 0.0022727272727272726 0.00472972972972973
1 0.6329545454545454 0.4462837837837838 0.0022727272727272726 0.00472972972972973
0 0.6361363636363636 0.4466216216216216 0.0022727272727272726 0.005405405405405406
0 0.6556818181818181 0.44594594594594594 0.0022727272727272726 0.004054054054054054
0 0.6720454545454545 0.4449324324324324 0.0022727272727272726 0.00472972972972973
0 0.6902272727272727 0.4449324324324324 0.0022727272727272726 0.00472972972972973
1 0.6936363636363636 0.44932432432432434 0.0027272727272727275 0.006756756756756757
1 0.7147727272727272 0.4435810810810811 0.0022727272727272726 0.00472972972972973
1 0.7111363636363637 0.44391891891891894 0.0022727272727272726 0.005405405405405406
1 0.7311363636363636 0.44324324324324327 0.0022727272727272726 0.004054054054054054
0 0.7356818181818182 0.4445945945945946 0.003181818181818182 0.005405405405405406
1 0.7488636363636364 0.44324324324324327 0.0022727272727272726 0.004054054054054054
1 0.755 0.44932432432432434 0.0027272727272727275 0.006756756756756757
1 0.7661363636363636 0.44324324324324327 0.0022727272727272726 0.004054054054054054
1 0.7752272727272728 0.44425675675675674 0.0022727272727272726 0.00472972972972973
0 0.7920454545454545 0.4445945945945946 0.003181818181818182 0.006756756756756757
1 0.8111363636363637 0.44391891891891894 0.003181818181818182 0.005405405405405406
0 0.8388636363636364 0.44391891891891894 0.003181818181818182 0.006756756756756757
0 0.5263636363636364 0.4506756756756757 0.0018181818181818182 0.005405405405405406
0 0.5334090909090909 0.45 0.0022727272727272726 0.004054054054054054
1 0.4288636363636364 0.45472972972972975 0.003181818181818182 0.005405405405405406
1 0.4677272727272727 0.4523648648648649 0.0027272727272727275 0.00472972972972973
1 0.46454545454545454 0.4608108108108108 0.004545454545454545 0.008108108108108109
1 0.6688636363636363 0.4445945945945946 0.0022727272727272726 0.004054054054054054
