1 0.34363636363636363 0.5560810810810811 0.03363636363636364 0.052702702702702706
1 0.4509090909090909 0.49324324324324326 0.013636363636363636 0.025675675675675677
1 0.5109090909090909 0.4739864864864865 0.00909090909090909 0.018243243243243244
1 0.5504545454545454 0.4648648648648649 0.008181818181818182 0.016216216216216217
1 0.6011363636363637 0.4577702702702703 0.006818181818181818 0.012837837837837839
1 0.6397727272727273 0.4537162162162162 0.006818181818181818 0.012837837837837839
1 0.7034090909090909 0.4503378378378378 0.004090909090909091 0.011486486486486487
1 0.7879545454545455 0.4486486486486487 0.005 0.010810810810810811
1 0.855 0.4483108108108108 0.006363636363636364 0.011486486486486487
1 0.9327272727272727 0.44966216216216215 0.007272727272727273 0.012837837837837839
0 0.8645454545454545 0.4540540540540541 0.008181818181818182 0.013513513513513514
0 0.7652272727272728 0.4543918918918919 0.006818181818181818 0.012837837837837839
0 0.7043181818181818 0.4581081081081081 0.007727272727272728 0.013513513513513514
0 0.6720454545454545 0.46418918918918917 0.009545454545454546 0.016216216216216217
0 0.6515909090909091 0.48243243243243245 0.011363636363636364 0.022972972972972974
0 0.6531818181818182 0.5087837837837837 0.02 0.032432432432432434
0 0.7861363636363636 0.625 0.05590909090909091 0.08243243243243244
1 0.07954545454545454 0.7983108108108108 0.031818181818181815 0.075
