1 0.20068181818181818 0.4618243243243243 0.005909090909090909 0.010135135135135136
1 0.3009090909090909 0.45844594594594595 0.0036363636363636364 0.008783783783783784
1 0.40045454545454545 0.4554054054054054 0.0027272727272727275 0.00945945945945946
1 0.4775 0.45337837837837835 0.004090909090909091 0.008108108108108109
1 0.5545454545454546 0.45135135135135135 0.0036363636363636364 0.008108108108108109
1 0.6329545454545454 0.44932432432432434 0.004090909090909091 0.008108108108108109
1 0.7034090909090909 0.4472972972972973 0.004090909090909091 0.008108108108108109
1 0.7645454545454545 0.44594594594594594 0.0036363636363636364 0.008108108108108109
1 0.8227272727272728 0.44391891891891894 0.004545454545454545 0.008108108108108109
1 0.8752272727272727 0.4429054054054054 0.003181818181818182 0.007432432432432433
0 0.9329545454545455 0.4445945945945946 0.005909090909090909 0.00945945945945946
0 0.8718181818181818 0.4452702702702703 0.005454545454545455 0.00945945945945946
0 0.8140909090909091 0.4469594594594595 0.004545454545454545 0.010135135135135136
0 0.7488636363636364 0.44932432432432434 0.005909090909090909 0.00945945945945946
0 0.6597727272727273 0.4516891891891892 0.005 0.010135135135135136
0 0.5675 0.4537162162162162 0.005 0.010135135135135136
0 0.4713636363636364 0.4564189189189189 0.005454545454545455 0.010135135135135136
0 0.3977272727272727 0.4591216216216216 0.005454545454545455 0.011486486486486487
0 0.28 0.46283783783783783 0.006363636363636364 0.010810810810810811
0 0.16613636363636364 0.46655405405405403 0.007727272727272728 0.012837837837837839
0 0.2125 0.5418918918918919 0.030454545454545453 0.043243243243243246
0 0.5711363636363637 0.5516891891891892 0.026818181818181817 0.04932432432432433
1 0.0675 0.46554054054054056 0.006818181818181818 0.012162162162162163
