0 0.8106818181818182 0.5547297297297298 0.03681818181818182 0.05
0 0.8927272727272727 0.5121621621621621 0.028181818181818183 0.03513513513513514
0 0.8893181818181818 0.46621621621621623 0.010454545454545454 0.014864864864864866
0 0.9311363636363637 0.4486486486486487 0.004090909090909091 0.008108108108108109
0 0.9045454545454545 0.44932432432432434 0.004545454545454545 0.00945945945945946
0 0.8131818181818182 0.4591216216216216 0.007272727272727273 0.012837837837837839
0 0.8447727272727272 0.4516891891891892 0.005 0.008783783783783784
0 0.8536363636363636 0.4510135135135135 0.005454545454545455 0.008783783783783784
0 0.8759090909090909 0.45 0.004545454545454545 0.008108108108108109
0 0.8827272727272727 0.4527027027027027 0.006363636363636364 0.010810810810810811
0 0.75 0.45506756756756755 0.006363636363636364 0.011486486486486487
0 0.6940909090909091 0.4537162162162162 0.004545454545454545 0.010135135135135136
0 0.6409090909090909 0.4540540540540541 0.004545454545454545 0.00945945945945946
0 0.5925 0.4537162162162162 0.004090909090909091 0.008783783783783784
0 0.5543181818181818 0.45472972972972975 0.004090909090909091 0.008108108108108109
0 0.5079545454545454 0.4557432432432432 0.004090909090909091 0.008783783783783784
0 0.45681818181818185 0.4570945945945946 0.004545454545454545 0.008783783783783784
0 0.4075 0.4581081081081081 0.004090909090909091 0.00945945945945946
0 0.39340909090909093 0.4543918918918919 0.004090909090909091 0.008783783783783784
0 0.36704545454545456 0.4564189189189189 0.004090909090909091 0.008783783783783784
0 0.3743181818181818 0.4577702702702703 0.005 0.010135135135135136
0 0.3518181818181818 0.45506756756756755 0.0036363636363636364 0.006081081081081081
1 0.41 0.5540540540540541 0.03090909090909091 0.051351351351351354
1 0.5740909090909091 0.5087837837837837 0.017272727272727273 0.032432432432432434
1 0.6668181818181819 0.4922297297297297 0.014545454545454545 0.025
1 0.7238636363636364 0.48074324324324325 0.010454545454545454 0.019594594594594596
1 0.765 0.4739864864864865 0.01 0.016891891891891893
1 0.7327272727272728 0.4614864864864865 0.008181818181818182 0.013513513513513514
1 0.6893181818181818 0.4574324324324324 0.005909090909090909 0.010810810810810811
1 0.6475 0.4557432432432432 0.005 0.010135135135135136
1 0.6127272727272727 0.4557432432432432 0.004545454545454545 0.008783783783783784
1 0.5734090909090909 0.4564189189189189 0.004090909090909091 0.008783783783783784
1 0.52 0.4574324324324324 0.0036363636363636364 0.00945945945945946
1 0.4643181818181818 0.4594594594594595 0.004090909090909091 0.00945945945945946
1 0.3881818181818182 0.4614864864864865 0.005454545454545455 0.010810810810810811
1 0.34204545454545454 0.4614864864864865 0.005 0.010810810810810811
1 0.30704545454545457 0.4608108108108108 0.005 0.00945945945945946
1 0.30022727272727273 0.4594594594594595 0.004090909090909091 0.00945945945945946
1 0.3327272727272727 0.4560810810810811 0.0036363636363636364 0.008108108108108109
1 0.3256818181818182 0.4560810810810811 0.003181818181818182 0.008108108108108109
1 0.3181818181818182 0.4577702702702703 0.0036363636363636364 0.007432432432432433
0 0.3211363636363636 0.45472972972972975 0.003181818181818182 0.006756756756756757
0 0.38227272727272726 0.4557432432432432 0.004545454545454545 0.007432432432432433
1 0.24931818181818183 0.4557432432432432 0.003181818181818182 0.006081081081081081
1 0.2625 0.4564189189189189 0.003181818181818182 0.006081081081081081
1 0.2731818181818182 0.45472972972972975 0.0027272727272727275 0.005405405405405406
1 0.2906818181818182 0.4564189189189189 0.003181818181818182 0.006081081081081081
0 0.29318181818181815 0.45472972972972975 0.0027272727272727275 0.005405405405405406
0 0.29772727272727273 0.45506756756756755 0.0027272727272727275 0.006081081081081081
1 0.3034090909090909 0.4537162162162162 0.0022727272727272726 0.00472972972972973
0 0.3145454545454546 0.4540540540540541 0.0027272727272727275 0.005405405405405406
1 0.3356818181818182 0.45304054054054055 0.0022727272727272726 0.00472972972972973
0 0.34136363636363637 0.45337837837837835 0.0027272727272727275 0.005405405405405406
1 0.37113636363636365 0.452027027027027 0.0022727272727272726 0.004054054054054054
1 0.4025 0.4516891891891892 0.0022727272727272726 0.00472972972972973
0 0.42363636363636364 0.4527027027027027 0.0027272727272727275 0.005405405405405406
1 0.4254545454545455 0.45135135135135135 0.0018181818181818182 0.005405405405405406
1 0.4470454545454545 0.4516891891891892 0.0022727272727272726 0.00472972972972973
1 0.4747727272727273 0.4510135135135135 0.0022727272727272726 0.00472972972972973
0 0.4868181818181818 0.45135135135135135 0.0027272727272727275 0.005405405405405406
1 0.5165909090909091 0.44966216216216215 0.0022727272727272726 0.00472972972972973
0 0.5413636363636364 0.44966216216216215 0.0027272727272727275 0.006081081081081081
0 0.5856818181818182 0.44932432432432434 0.003181818181818182 0.005405405405405406
1 0.5588636363636363 0.44966216216216215 0.0022727272727272726 0.0033783783783783786
1 0.5956818181818182 0.44932432432432434 0.0022727272727272726 0.004054054054054054
0 0.6168181818181818 0.4489864864864865 0.0027272727272727275 0.00472972972972973
0 0.6552272727272728 0.44797297297297295 0.0022727272727272726 0.004054054054054054
1 0.6768181818181818 0.44797297297297295 0.0018181818181818182 0.004054054054054054
0 0.6854545454545454 0.44763513513513514 0.0027272727272727275 0.00472972972972973
1 0.7011363636363637 0.44763513513513514 0.0022727272727272726 0.00472972972972973
0 0.7075 0.44763513513513514 0.003181818181818182 0.00472972972972973
0 0.7588636363636364 0.4466216216216216 0.0022727272727272726 0.004054054054054054
1 0.7609090909090909 0.4466216216216216 0.0018181818181818182 0.004054054054054054
0 0.7809090909090909 0.4462837837837838 0.0027272727272727275 0.00472972972972973
1 0.7870454545454545 0.4462837837837838 0.0022727272727272726 0.0033783783783783786
0 0.805 0.4466216216216216 0.0027272727272727275 0.004054054054054054
1 0.8175 0.44594594594594594 0.0022727272727272726 0.004054054054054054
0 0.8322727272727273 0.44594594594594594 0.0027272727272727275 0.005405405405405406
1 0.8470454545454545 0.4452702702702703 0.0022727272727272726 0.004054054054054054
0 0.8588636363636364 0.4456081081081081 0.0022727272727272726 0.00472972972972973
0 0.8868181818181818 0.4449324324324324 0.0027272727272727275 0.00472972972972973
0 0.9195454545454546 0.44425675675675674 0.0027272727272727275 0.00472972972972973
1 0.9156818181818182 0.4445945945945946 0.0022727272727272726 0.004054054054054054
0 0.7286363636363636 0.4472972972972973 0.0027272727272727275 0.005405405405405406
1 0.7397727272727272 0.4466216216216216 0.0022727272727272726 0.004054054054054054
3 0.7252272727272727 0.4456081081081081 0.0022727272727272726 0.006081081081081081
3 0.7443181818181818 0.4462837837837838 0.0022727272727272726 0.006081081081081081
