0 0.1475 0.4185810810810811 0.03954545454545454 0.03445945945945946
1 0.26045454545454544 0.35777027027027025 0.01818181818181818 0.027702702702702704
1 0.355 0.34290540540540543 0.012727272727272728 0.02364864864864865
0 0.3156818181818182 0.38885135135135135 0.026818181818181817 0.029054054054054056
1 0.41613636363636364 0.3368243243243243 0.015909090909090907 0.015540540540540541
0 0.4143181818181818 0.3638513513513513 0.019545454545454546 0.030405405405405407
1 0.4738636363636364 0.3287162162162162 0.013181818181818182 0.015540540540540541
0 0.555 0.33783783783783783 0.011818181818181818 0.024324324324324326
1 0.49818181818181817 0.3493243243243243 0.019090909090909092 0.01891891891891892
0 0.5925 0.3341216216216216 0.011363636363636364 0.018243243243243244
0 0.6375 0.32263513513513514 0.010454545454545454 0.020945945945945947
2 0.4622727272727273 0.3567567567567568 0.02181818181818182 0.021621621621621623
2 0.18454545454545454 0.37094594594594593 0.02090909090909091 0.024324324324324326
