1 0.09045454545454545 0.7432432432432432 0.053636363636363635 0.13783783783783785
1 0.39386363636363636 0.5155405405405405 0.021363636363636362 0.03513513513513514
1 0.44022727272727274 0.48412162162162165 0.012272727272727272 0.019594594594594596
1 0.47454545454545455 0.46959459459459457 0.00909090909090909 0.014864864864864866
1 0.49068181818181816 0.4597972972972973 0.005909090909090909 0.011486486486486487
1 0.4965909090909091 0.4543918918918919 0.004090909090909091 0.010135135135135136
1 0.5038636363636364 0.4523648648648649 0.005 0.008783783783783784
0 0.5725 0.46047297297297296 0.005909090909090909 0.011486486486486487
0 0.5859090909090909 0.4689189189189189 0.008181818181818182 0.016216216216216217
0 0.6093181818181819 0.4868243243243243 0.012272727272727272 0.0222972972972973
0 0.6513636363636364 0.514527027027027 0.017272727272727273 0.03310810810810811
0 0.8781818181818182 0.4537162162162162 0.007272727272727273 0.011486486486486487
0 0.8186363636363636 0.4527027027027027 0.005454545454545455 0.00945945945945946
0 0.76 0.4503378378378378 0.004545454545454545 0.008783783783783784
1 0.889090909090909 0.4516891891891892 0.006363636363636364 0.010135135135135136
1 0.8395454545454546 0.45 0.005454545454545455 0.00945945945945946
1 0.7952272727272728 0.4486486486486487 0.004090909090909091 0.008108108108108109
1 0.7559090909090909 0.44797297297297295 0.0036363636363636364 0.008108108108108109
0 0.7159090909090909 0.44932432432432434 0.0036363636363636364 0.008108108108108109
0 0.6618181818181819 0.44763513513513514 0.0036363636363636364 0.007432432432432433
1 0.5577272727272727 0.4466216216216216 0.0036363636363636364 0.006756756756756757
1 0.5270454545454546 0.44797297297297295 0.003181818181818182 0.006756756756756757
1 0.51 0.4489864864864865 0.0036363636363636364 0.007432432432432433
1 0.5922727272727273 0.4462837837837838 0.0027272727272727275 0.006081081081081081
1 0.6229545454545454 0.4462837837837838 0.003181818181818182 0.006081081081081081
0 0.5640909090909091 0.45472972972972975 0.004545454545454545 0.008108108108108109
0 0.5834090909090909 0.44797297297297295 0.003181818181818182 0.006756756756756757
0 0.6163636363636363 0.4472972972972973 0.0027272727272727275 0.006756756756756757
1 0.6640909090909091 0.4469594594594595 0.0027272727272727275 0.006081081081081081
1 0.7131818181818181 0.44763513513513514 0.0027272727272727275 0.006081081081081081
