0 0.755 0.3672297297297297 0.012727272727272728 0.016891891891891893
0 0.6611363636363636 0.3675675675675676 0.010454545454545454 0.014864864864864866
0 0.5793181818181818 0.3672297297297297 0.009545454545454546 0.019594594594594596
0 0.35954545454545456 0.36925675675675673 0.008181818181818182 0.015540540540540541
0 0.41454545454545455 0.3706081081081081 0.011818181818181818 0.012837837837837839
0 0.45431818181818184 0.36824324324324326 0.009545454545454546 0.01756756756756757
1 0.3277272727272727 0.3841216216216216 0.013636363636363636 0.012837837837837839
1 0.38022727272727275 0.3841216216216216 0.009545454545454546 0.015540540540540541
1 0.4368181818181818 0.38141891891891894 0.01 0.020945945945945947
1 0.49318181818181817 0.37094594594594593 0.008181818181818182 0.014864864864864866
1 0.5234090909090909 0.38141891891891894 0.012272727272727272 0.0222972972972973
2 0.5318181818181819 0.37027027027027026 0.00909090909090909 0.014864864864864866
2 0.5740909090909091 0.3847972972972973 0.016363636363636365 0.016891891891891893
