1 0.3952272727272727 0.5442567567567568 0.025 0.04932432432432433
1 0.5954545454545455 0.4945945945945946 0.017272727272727273 0.02972972972972973
1 0.6834090909090909 0.47736486486486485 0.011363636363636364 0.0222972972972973
1 0.7665909090909091 0.46756756756756757 0.009545454545454546 0.01756756756756757
1 0.8268181818181818 0.4618243243243243 0.00909090909090909 0.016891891891891893
1 0.8652272727272727 0.45675675675675675 0.008636363636363636 0.014864864864864866
1 0.9334090909090909 0.45506756756756755 0.005909090909090909 0.012837837837837839
0 0.9036363636363637 0.49966216216216214 0.02090909090909091 0.03175675675675676
0 0.8763636363636363 0.5266891891891892 0.03 0.04391891891891892
0 0.8686363636363637 0.597972972972973 0.05272727272727273 0.07567567567567568
0 0.8122727272727273 0.4449324324324324 0.004545454545454545 0.008783783783783784
0 0.7440909090909091 0.44594594594594594 0.004545454545454545 0.008108108108108109
0 0.725909090909091 0.4429054054054054 0.0027272727272727275 0.006081081081081081
0 0.6945454545454546 0.44594594594594594 0.0036363636363636364 0.008108108108108109
0 0.6215909090909091 0.44594594594594594 0.004090909090909091 0.006756756756756757
0 0.5918181818181818 0.44425675675675674 0.0027272727272727275 0.006081081081081081
0 0.5606818181818182 0.4456081081081081 0.003181818181818182 0.006081081081081081
0 0.6722727272727272 0.4429054054054054 0.0027272727272727275 0.006081081081081081
0 0.77 0.44155405405405407 0.0027272727272727275 0.006081081081081081
0 0.8768181818181818 0.44324324324324327 0.0036363636363636364 0.008108108108108109
0 0.8979545454545454 0.43986486486486487 0.003181818181818182 0.006756756756756757
1 0.82 0.44594594594594594 0.004545454545454545 0.008108108108108109
1 0.6577272727272727 0.44256756756756754 0.0027272727272727275 0.005405405405405406
1 0.7072727272727273 0.44155405405405407 0.0027272727272727275 0.00472972972972973
1 0.6752272727272727 0.4466216216216216 0.003181818181818182 0.008108108108108109
1 0.6052272727272727 0.44324324324324327 0.0022727272727272726 0.005405405405405406
1 0.5288636363636363 0.4445945945945946 0.0022727272727272726 0.005405405405405406
1 0.543409090909091 0.44425675675675674 0.0022727272727272726 0.00472972972972973
1 0.5409090909090909 0.4462837837837838 0.0027272727272727275 0.006081081081081081
1 0.5163636363636364 0.4462837837837838 0.0027272727272727275 0.006081081081081081
1 0.5184090909090909 0.4449324324324324 0.0022727272727272726 0.006081081081081081
1 0.5768181818181818 0.4462837837837838 0.0027272727272727275 0.007432432432432433
1 0.7395454545454545 0.4466216216216216 0.0036363636363636364 0.008108108108108109
1 0.7484090909090909 0.44155405405405407 0.0022727272727272726 0.00472972972972973
0 0.8522727272727273 0.4402027027027027 0.0027272727272727275 0.006081081081081081
0 0.6170454545454546 0.44425675675675674 0.003181818181818182 0.006081081081081081
1 0.6268181818181818 0.4469594594594595 0.0036363636363636364 0.007432432432432433
1 0.8718181818181818 0.4449324324324324 0.004545454545454545 0.008783783783783784
0 0.5670454545454545 0.4456081081081081 0.0022727272727272726 0.00472972972972973
0 0.5793181818181818 0.4462837837837838 0.0022727272727272726 0.006081081081081081
1 0.7927272727272727 0.44155405405405407 0.0027272727272727275 0.00472972972972973
1 0.8297727272727272 0.4408783783783784 0.0022727272727272726 0.00472972972972973
1 0.9138636363636363 0.43986486486486487 0.0022727272727272726 0.005405405405405406
