0 0.9236363636363636 0.4743243243243243 0.015454545454545455 0.021621621621621623
0 0.7938636363636363 0.4810810810810811 0.015909090909090907 0.022972972972972974
0 0.7322727272727273 0.4956081081081081 0.015454545454545455 0.029054054054054056
0 0.7647727272727273 0.5388513513513513 0.02772727272727273 0.046621621621621624
1 0.16090909090909092 0.7023648648648648 0.08272727272727273 0.11824324324324324
1 0.45545454545454545 0.5216216216216216 0.022727272727272728 0.03783783783783784
1 0.5375 0.4858108108108108 0.011363636363636364 0.022972972972972974
1 0.6181818181818182 0.4706081081081081 0.008181818181818182 0.018243243243243244
1 0.7175 0.46452702702702703 0.008636363636363636 0.015540540540540541
1 0.8211363636363637 0.4618243243243243 0.009545454545454546 0.015540540540540541
1 0.9202272727272728 0.46047297297297296 0.007727272727272728 0.015540540540540541
