0 0.4495454545454545 0.5560810810810811 0.03090909090909091 0.051351351351351354
0 0.25386363636363635 0.5307432432432433 0.028636363636363637 0.03986486486486487
0 0.07113636363636364 0.5128378378378379 0.015 0.02972972972972973
0 0.8902272727272728 0.45337837837837835 0.008636363636363636 0.013513513513513514
0 0.7438636363636364 0.4543918918918919 0.006818181818181818 0.012837837837837839
0 0.6538636363636363 0.45472972972972975 0.006818181818181818 0.012162162162162163
0 0.5359090909090909 0.45506756756756755 0.005454545454545455 0.010135135135135136
0 0.4456818181818182 0.4554054054054054 0.005 0.00945945945945946
0 0.3440909090909091 0.45675675675675675 0.0036363636363636364 0.010810810810810811
0 0.24909090909090909 0.4581081081081081 0.004545454545454545 0.00945945945945946
0 0.2065909090909091 0.45878378378378376 0.005909090909090909 0.00945945945945946
0 0.13386363636363635 0.46047297297297296 0.006818181818181818 0.011486486486486487
1 0.08113636363636363 0.4608108108108108 0.005 0.008108108108108109
1 0.13863636363636364 0.4574324324324324 0.0036363636363636364 0.008108108108108109
1 0.18954545454545454 0.4560810810810811 0.004545454545454545 0.008108108108108109
1 0.24272727272727274 0.4554054054054054 0.0036363636363636364 0.006756756756756757
1 0.3013636363636364 0.4537162162162162 0.0027272727272727275 0.007432432432432433
1 0.38431818181818184 0.4527027027027027 0.003181818181818182 0.008108108108108109
1 0.4722727272727273 0.45135135135135135 0.0036363636363636364 0.008108108108108109
1 0.5554545454545454 0.4503378378378378 0.0036363636363636364 0.008783783783783784
1 0.6561363636363636 0.4503378378378378 0.0022727272727272726 0.008783783783783784
1 0.7486363636363637 0.45 0.005454545454545455 0.00945945945945946
1 0.8627272727272727 0.44932432432432434 0.005454545454545455 0.010810810810810811
