0 0.09681818181818182 0.5445945945945946 0.03272727272727273 0.043243243243243246
0 0.13704545454545455 0.4706081081081081 0.008636363636363636 0.012837837837837839
0 0.45 0.5317567567567567 0.02181818181818182 0.04054054054054054
0 0.774090909090909 0.5837837837837838 0.04181818181818182 0.06756756756756757
0 0.9193181818181818 0.47736486486486485 0.014090909090909091 0.0222972972972973
0 0.8361363636363637 0.4631756756756757 0.009545454545454546 0.015540540540540541
0 0.8734090909090909 0.4506756756756757 0.006818181818181818 0.010810810810810811
0 0.8636363636363636 0.4540540540540541 0.008181818181818182 0.012162162162162163
0 0.8431818181818181 0.45878378378378376 0.005454545454545455 0.014864864864864866
0 0.8368181818181818 0.4472972972972973 0.005454545454545455 0.00945945945945946
0 0.8004545454545454 0.4456081081081081 0.004545454545454545 0.008783783783783784
0 0.7518181818181818 0.4462837837837838 0.0036363636363636364 0.007432432432432433
0 0.71 0.4466216216216216 0.0036363636363636364 0.008108108108108109
0 0.6675 0.44797297297297295 0.003181818181818182 0.008108108108108109
0 0.6156818181818182 0.4506756756756757 0.004090909090909091 0.008108108108108109
0 0.5393181818181818 0.45337837837837835 0.004090909090909091 0.00945945945945946
0 0.45386363636363636 0.45675675675675675 0.005 0.010810810810810811
0 0.35818181818181816 0.46114864864864863 0.005454545454545455 0.011486486486486487
0 0.2790909090909091 0.4652027027027027 0.006363636363636364 0.012837837837837839
1 0.1615909090909091 0.46587837837837837 0.006818181818181818 0.010135135135135136
1 0.3638636363636364 0.4574324324324324 0.004090909090909091 0.008108108108108109
1 0.44136363636363635 0.45472972972972975 0.0036363636363636364 0.008108108108108109
1 0.5156818181818181 0.45135135135135135 0.003181818181818182 0.008108108108108109
1 0.5784090909090909 0.4489864864864865 0.003181818181818182 0.007432432432432433
1 0.6293181818181818 0.44763513513513514 0.003181818181818182 0.006081081081081081
1 0.675 0.44594594594594594 0.0036363636363636364 0.006756756756756757
1 0.7629545454545454 0.44391891891891894 0.003181818181818182 0.006756756756756757
1 0.8140909090909091 0.44391891891891894 0.004545454545454545 0.008108108108108109
1 0.8545454545454545 0.4445945945945946 0.0036363636363636364 0.008108108108108109
1 0.9004545454545455 0.4462837837837838 0.005454545454545455 0.008783783783783784
1 0.7127272727272728 0.4445945945945946 0.004545454545454545 0.008108108108108109
1 0.28045454545454546 0.46114864864864863 0.004545454545454545 0.010135135135135136
