0 0.8252272727272727 0.5996621621621622 0.05227272727272727 0.07364864864864865
0 0.6447727272727273 0.4962837837837838 0.014090909090909091 0.026351351351351353
0 0.6197727272727273 0.47533783783783784 0.011363636363636364 0.018243243243243244
0 0.6068181818181818 0.46554054054054056 0.008181818181818182 0.016216216216216217
0 0.6393181818181818 0.4614864864864865 0.007727272727272728 0.013513513513513514
0 0.6986363636363636 0.45878378378378376 0.007272727272727273 0.012162162162162163
0 0.7975 0.46013513513513515 0.008636363636363636 0.013513513513513514
0 0.9338636363636363 0.4652027027027027 0.005 0.012837837837837839
1 0.8856818181818182 0.4570945945945946 0.007727272727272728 0.012837837837837839
1 0.7763636363636364 0.4557432432432432 0.006363636363636364 0.011486486486486487
1 0.6445454545454545 0.4554054054054054 0.005454545454545455 0.010810810810810811
1 0.5843181818181818 0.45675675675675675 0.005909090909090909 0.012162162162162163
1 0.5295454545454545 0.46114864864864863 0.006363636363636364 0.012837837837837839
1 0.4968181818181818 0.46655405405405403 0.008181818181818182 0.015540540540540541
1 0.4781818181818182 0.4777027027027027 0.01 0.01891891891891892
1 0.4440909090909091 0.5013513513513513 0.015454545454545455 0.02837837837837838
1 0.3468181818181818 0.5942567567567567 0.03636363636363636 0.06959459459459459
1 0.6979545454545455 0.4543918918918919 0.005909090909090909 0.011486486486486487
