0 0.759090909090909 0.4983108108108108 0.019090909090909092 0.029054054054054056
0 0.7443181818181818 0.47128378378378377 0.010454545454545454 0.016891891891891893
0 0.7477272727272727 0.46013513513513515 0.005454545454545455 0.013513513513513514
1 0.6902272727272727 0.4462837837837838 0.004090909090909091 0.008783783783783784
1 0.6745454545454546 0.4483108108108108 0.004545454545454545 0.008783783783783784
1 0.6636363636363637 0.4523648648648649 0.004545454545454545 0.010135135135135136
1 0.645 0.4570945945945946 0.005454545454545455 0.012837837837837839
1 0.6193181818181818 0.46655405405405403 0.007727272727272728 0.015540540540540541
1 0.5602272727272727 0.4871621621621622 0.013181818181818182 0.024324324324324326
1 0.37772727272727274 0.5611486486486487 0.03090909090909091 0.05472972972972973
1 0.7175 0.4402027027027027 0.003181818181818182 0.006081081081081081
1 0.711590909090909 0.4408783783783784 0.003181818181818182 0.007432432432432433
1 0.7052272727272727 0.44222972972972974 0.003181818181818182 0.007432432432432433
1 0.7 0.44324324324324327 0.0036363636363636364 0.008108108108108109
1 0.9065909090909091 0.43986486486486487 0.003181818181818182 0.006756756756756757
0 0.9345454545454546 0.44155405405405407 0.0027272727272727275 0.007432432432432433
0 0.9075 0.6496621621621622 0.057727272727272724 0.09797297297297297
1 0.7318181818181818 0.4402027027027027 0.0027272727272727275 0.00472972972972973
0 0.7493181818181818 0.4540540540540541 0.003181818181818182 0.008108108108108109
0 0.7513636363636363 0.4466216216216216 0.0036363636363636364 0.006756756756756757
0 0.7568181818181818 0.44155405405405407 0.0027272727272727275 0.006081081081081081
0 0.7597727272727273 0.43986486486486487 0.0022727272727272726 0.005405405405405406
0 0.7779545454545455 0.439527027027027 0.003181818181818182 0.006081081081081081
0 0.8088636363636363 0.439527027027027 0.003181818181818182 0.006081081081081081
1 0.79 0.4391891891891892 0.0027272727272727275 0.005405405405405406
1 0.8190909090909091 0.4391891891891892 0.0027272727272727275 0.005405405405405406
0 0.8506818181818182 0.4402027027027027 0.004090909090909091 0.006081081081081081
1 0.8581818181818182 0.43986486486486487 0.0036363636363636364 0.005405405405405406
0 0.9 0.4408783783783784 0.004545454545454545 0.007432432432432433
