0 0.6904545454545454 0.5618243243243243 0.03636363636363636 0.057432432432432436
0 0.4668181818181818 0.5341216216216216 0.026363636363636363 0.04256756756756757
0 0.26181818181818184 0.522972972972973 0.02 0.03783783783783784
0 0.12318181818181818 0.5141891891891892 0.023636363636363636 0.031081081081081083
0 0.075 0.5037162162162162 0.019090909090909092 0.025
0 0.1409090909090909 0.4888513513513513 0.013636363636363636 0.019594594594594596
0 0.23863636363636365 0.4760135135135135 0.01090909090909091 0.016891891891891893
0 0.3277272727272727 0.46959459459459457 0.008181818181818182 0.014864864864864866
0 0.40545454545454546 0.4625 0.006363636363636364 0.012837837837837839
0 0.43522727272727274 0.4574324324324324 0.005909090909090909 0.012162162162162163
0 0.4254545454545455 0.4543918918918919 0.005454545454545455 0.010135135135135136
0 0.4147727272727273 0.45135135135135135 0.005 0.010810810810810811
0 0.40954545454545455 0.44932432432432434 0.005454545454545455 0.00945945945945946
0 0.4304545454545455 0.4472972972972973 0.005454545454545455 0.00945945945945946
0 0.47 0.4452702702702703 0.0036363636363636364 0.008108108108108109
0 0.5111363636363636 0.44391891891891894 0.003181818181818182 0.008108108108108109
0 0.5545454545454546 0.44324324324324327 0.004545454545454545 0.008108108108108109
0 0.5884090909090909 0.44425675675675674 0.004090909090909091 0.008783783783783784
0 0.6090909090909091 0.4462837837837838 0.004545454545454545 0.008783783783783784
0 0.6570454545454546 0.44763513513513514 0.005 0.010135135135135136
0 0.7243181818181819 0.4472972972972973 0.005909090909090909 0.010810810810810811
0 0.8754545454545455 0.4445945945945946 0.007272727272727273 0.012162162162162163
1 0.13386363636363635 0.4777027027027027 0.006818181818181818 0.01756756756756757
1 0.2584090909090909 0.4672297297297297 0.008636363636363636 0.01418918918918919
1 0.3302272727272727 0.4614864864864865 0.004090909090909091 0.012162162162162163
1 0.3506818181818182 0.45878378378378376 0.005909090909090909 0.010810810810810811
1 0.3431818181818182 0.4557432432432432 0.004545454545454545 0.010135135135135136
1 0.3463636363636364 0.4523648648648649 0.0036363636363636364 0.010135135135135136
1 0.36227272727272725 0.44966216216216215 0.0036363636363636364 0.007432432432432433
1 0.3902272727272727 0.4466216216216216 0.004090909090909091 0.008108108108108109
1 0.4343181818181818 0.4445945945945946 0.004090909090909091 0.008108108108108109
1 0.47909090909090907 0.44324324324324327 0.0027272727272727275 0.006756756756756757
1 0.5238636363636363 0.44155405405405407 0.003181818181818182 0.007432432432432433
1 0.5729545454545455 0.4412162162162162 0.003181818181818182 0.006756756756756757
1 0.6118181818181818 0.44155405405405407 0.0027272727272727275 0.007432432432432433
1 0.6404545454545455 0.4418918918918919 0.0036363636363636364 0.008108108108108109
1 0.6702272727272728 0.4429054054054054 0.004090909090909091 0.008783783783783784
1 0.7202272727272727 0.44391891891891894 0.004090909090909091 0.00945945945945946
1 0.8218181818181818 0.44222972972972974 0.004545454545454545 0.010135135135135136
