1 0.4059090909090909 0.558445945945946 0.031818181818181815 0.05067567567567568
1 0.5295454545454545 0.5108108108108108 0.016363636363636365 0.031081081081081083
1 0.6506818181818181 0.4888513513513513 0.011363636363636364 0.0222972972972973
1 0.7875 0.47871621621621624 0.011363636363636364 0.020945945945945947
1 0.889090909090909 0.47364864864864864 0.011818181818181818 0.01891891891891892
0 0.8911363636363636 0.5141891891891892 0.023181818181818182 0.03513513513513514
0 0.8425 0.547972972972973 0.030454545454545453 0.05
0 0.8534090909090909 0.4510135135135135 0.003181818181818182 0.006081081081081081
0 0.831590909090909 0.452027027027027 0.003181818181818182 0.006756756756756757
0 0.8102272727272727 0.45135135135135135 0.003181818181818182 0.006756756756756757
0 0.8195454545454546 0.4506756756756757 0.0027272727272727275 0.006756756756756757
1 0.889090909090909 0.45304054054054055 0.004545454545454545 0.007432432432432433
0 0.8861363636363636 0.452027027027027 0.003181818181818182 0.008108108108108109
1 0.8740909090909091 0.4506756756756757 0.0027272727272727275 0.005405405405405406
1 0.7915909090909091 0.44966216216216215 0.003181818181818182 0.006081081081081081
1 0.7843181818181818 0.4516891891891892 0.003181818181818182 0.006081081081081081
1 0.7738636363636363 0.4503378378378378 0.0022727272727272726 0.006081081081081081
1 0.7613636363636364 0.4503378378378378 0.0027272727272727275 0.006081081081081081
1 0.7579545454545454 0.45135135135135135 0.0022727272727272726 0.005405405405405406
1 0.8263636363636364 0.452027027027027 0.0027272727272727275 0.006756756756756757
