1 0.32704545454545453 0.5800675675675676 0.03954545454545454 0.06283783783783783
1 0.17931818181818182 0.5101351351351351 0.022272727272727274 0.032432432432432434
1 0.1175 0.4925675675675676 0.017727272727272727 0.024324324324324326
1 0.13227272727272726 0.4800675675675676 0.012727272727272728 0.019594594594594596
1 0.18295454545454545 0.46959459459459457 0.009545454545454546 0.016216216216216217
1 0.2715909090909091 0.46283783783783783 0.006818181818181818 0.013513513513513514
1 0.35 0.45844594594594595 0.005454545454545455 0.011486486486486487
1 0.42204545454545456 0.45675675675675675 0.004090909090909091 0.010810810810810811
1 0.4975 0.4543918918918919 0.004090909090909091 0.010135135135135136
1 0.5675 0.4557432432432432 0.004090909090909091 0.010135135135135136
1 0.6220454545454546 0.4577702702702703 0.005 0.011486486486486487
1 0.6806818181818182 0.4594594594594595 0.005 0.010810810810810811
1 0.7536363636363637 0.46047297297297296 0.006363636363636364 0.011486486486486487
1 0.8577272727272728 0.4591216216216216 0.006363636363636364 0.011486486486486487
1 0.3156818181818182 0.5375 0.026818181818181817 0.04391891891891892
0 0.3009090909090909 0.46959459459459457 0.00909090909090909 0.016216216216216217
0 0.2934090909090909 0.4780405405405405 0.010454545454545454 0.020945945945945947
0 0.35545454545454547 0.485472972972973 0.011818181818181818 0.0222972972972973
0 0.3663636363636364 0.46418918918918917 0.008181818181818182 0.013513513513513514
0 0.4329545454545455 0.4608108108108108 0.006818181818181818 0.012162162162162163
0 0.4659090909090909 0.497972972972973 0.013636363636363636 0.025675675675675677
0 0.505 0.4591216216216216 0.006363636363636364 0.012837837837837839
0 0.5859090909090909 0.46216216216216216 0.007272727272727273 0.013513513513513514
0 0.6136363636363636 0.5141891891891892 0.019090909090909092 0.033783783783783786
0 0.6447727272727273 0.4652027027027027 0.007727272727272728 0.01418918918918919
0 0.7436363636363637 0.46790540540540543 0.008181818181818182 0.015540540540540541
0 0.8279545454545455 0.46655405405405403 0.009545454545454546 0.015540540540540541
0 0.803409090909091 0.5672297297297297 0.03227272727272727 0.057432432432432436
