1 0.30954545454545457 0.5878378378378378 0.04090909090909091 0.06486486486486487
1 0.3981818181818182 0.5266891891891892 0.02181818181818182 0.038513513513513516
1 0.4275 0.5003378378378378 0.015909090909090907 0.026351351351351353
1 0.4636363636363636 0.47905405405405405 0.01090909090909091 0.01891891891891892
1 0.49568181818181817 0.47128378378378377 0.006818181818181818 0.015540540540540541
1 0.5215909090909091 0.46621621621621623 0.006818181818181818 0.013513513513513514
1 0.5327272727272727 0.46216216216216216 0.005454545454545455 0.012162162162162163
0 0.7220454545454545 0.5375 0.02409090909090909 0.04527027027027027
0 0.6188636363636364 0.4780405405405405 0.010454545454545454 0.019594594594594596
0 0.6286363636363637 0.4966216216216216 0.013636363636363636 0.02702702702702703
0 0.639090909090909 0.4631756756756757 0.006363636363636364 0.01418918918918919
0 0.6293181818181818 0.46925675675675677 0.008636363636363636 0.015540540540540541
0 0.19977272727272727 0.48277027027027025 0.010454545454545454 0.01418918918918919
0 0.16022727272727272 0.47094594594594597 0.005909090909090909 0.00945945945945946
0 0.2131818181818182 0.46587837837837837 0.004545454545454545 0.008783783783783784
0 0.27204545454545453 0.4618243243243243 0.004090909090909091 0.007432432432432433
0 0.30818181818181817 0.4706081081081081 0.007272727272727273 0.012837837837837839
0 0.3195454545454545 0.4577702702702703 0.0027272727272727275 0.006081081081081081
0 0.3640909090909091 0.46554054054054056 0.004545454545454545 0.012162162162162163
0 0.43613636363636366 0.45878378378378376 0.005 0.00945945945945946
0 0.5018181818181818 0.4554054054054054 0.005454545454545455 0.00945945945945946
0 0.5072727272727273 0.45 0.0036363636363636364 0.006756756756756757
0 0.5481818181818182 0.4486486486486487 0.0036363636363636364 0.006756756756756757
0 0.5540909090909091 0.45304054054054055 0.004545454545454545 0.010135135135135136
0 0.6084090909090909 0.45472972972972975 0.005 0.010810810810810811
0 0.5984090909090909 0.44763513513513514 0.003181818181818182 0.007432432432432433
0 0.9295454545454546 0.43716216216216214 0.0027272727272727275 0.005405405405405406
0 0.8865909090909091 0.43885135135135134 0.003181818181818182 0.006081081081081081
0 0.8465909090909091 0.439527027027027 0.003181818181818182 0.006081081081081081
0 0.8047727272727273 0.439527027027027 0.0022727272727272726 0.006081081081081081
0 0.7715909090909091 0.43986486486486487 0.0022727272727272726 0.006756756756756757
0 0.7395454545454545 0.44054054054054054 0.0027272727272727275 0.005405405405405406
0 0.7295454545454545 0.4445945945945946 0.0036363636363636364 0.00945945945945946
0 0.7206818181818182 0.4429054054054054 0.003181818181818182 0.007432432432432433
0 0.7031818181818181 0.4462837837837838 0.0036363636363636364 0.007432432432432433
0 0.7154545454545455 0.44155405405405407 0.0027272727272727275 0.006081081081081081
1 0.12045454545454545 0.47162162162162163 0.004545454545454545 0.008108108108108109
1 0.15840909090909092 0.49594594594594593 0.013181818181818182 0.01891891891891892
1 0.18681818181818183 0.4668918918918919 0.0036363636363636364 0.006756756756756757
1 0.2988636363636364 0.47905405405405405 0.006818181818181818 0.014864864864864866
1 0.24363636363636362 0.4625 0.0036363636363636364 0.006081081081081081
1 0.2913636363636364 0.45878378378378376 0.0027272727272727275 0.005405405405405406
1 0.3277272727272727 0.4560810810810811 0.0018181818181818182 0.005405405405405406
1 0.3859090909090909 0.4685810810810811 0.004545454545454545 0.011486486486486487
1 0.4309090909090909 0.4631756756756757 0.004545454545454545 0.011486486486486487
1 0.47863636363636364 0.46047297297297296 0.005454545454545455 0.011486486486486487
1 0.8945454545454545 0.4358108108108108 0.0027272727272727275 0.005405405405405406
1 0.8738636363636364 0.43682432432432433 0.0022727272727272726 0.00472972972972973
1 0.8556818181818182 0.43783783783783786 0.003181818181818182 0.006756756756756757
1 0.8345454545454546 0.43851351351351353 0.0027272727272727275 0.005405405405405406
1 0.7988636363636363 0.43885135135135134 0.0022727272727272726 0.00472972972972973
1 0.7554545454545455 0.43986486486486487 0.0018181818181818182 0.004054054054054054
1 0.7247727272727272 0.4402027027027027 0.003181818181818182 0.00472972972972973
1 0.6995454545454546 0.4408783783783784 0.0018181818181818182 0.00472972972972973
1 0.6809090909090909 0.4418918918918919 0.0027272727272727275 0.005405405405405406
1 0.6679545454545455 0.4445945945945946 0.003181818181818182 0.006756756756756757
1 0.639090909090909 0.4456081081081081 0.0027272727272727275 0.006081081081081081
0 0.6568181818181819 0.4469594594594595 0.0036363636363636364 0.008783783783783784
1 0.6006818181818182 0.44594594594594594 0.0022727272727272726 0.006756756756756757
1 0.5636363636363636 0.4466216216216216 0.0027272727272727275 0.006756756756756757
1 0.5359090909090909 0.4472972972972973 0.0027272727272727275 0.006756756756756757
1 0.524090909090909 0.44763513513513514 0.0018181818181818182 0.00472972972972973
1 0.5170454545454546 0.4462837837837838 0.0022727272727272726 0.00472972972972973
1 0.4913636363636364 0.4466216216216216 0.0018181818181818182 0.004054054054054054
1 0.4547727272727273 0.44763513513513514 0.0022727272727272726 0.00472972972972973
0 0.46886363636363637 0.4483108108108108 0.003181818181818182 0.006081081081081081
0 0.4509090909090909 0.4483108108108108 0.0027272727272727275 0.00472972972972973
0 0.42704545454545456 0.44966216216216215 0.003181818181818182 0.00472972972972973
0 0.40545454545454546 0.4510135135135135 0.0027272727272727275 0.00472972972972973
0 0.38522727272727275 0.4523648648648649 0.0022727272727272726 0.00472972972972973
0 0.35909090909090907 0.45472972972972975 0.0027272727272727275 0.005405405405405406
1 0.35659090909090907 0.4543918918918919 0.0022727272727272726 0.00472972972972973
1 0.3815909090909091 0.4527027027027027 0.0022727272727272726 0.005405405405405406
1 0.4025 0.4510135135135135 0.0022727272727272726 0.00472972972972973
1 0.42977272727272725 0.44932432432432434 0.0022727272727272726 0.004054054054054054
1 0.47295454545454546 0.4472972972972973 0.0022727272727272726 0.004054054054054054
0 0.4797727272727273 0.44966216216216215 0.0022727272727272726 0.006081081081081081
0 0.4818181818181818 0.45 0.0027272727272727275 0.005405405405405406
0 0.4843181818181818 0.4483108108108108 0.0022727272727272726 0.006081081081081081
1 0.5097727272727273 0.4462837837837838 0.0022727272727272726 0.00472972972972973
1 0.5197727272727273 0.4469594594594595 0.0022727272727272726 0.00472972972972973
1 0.5222727272727272 0.4472972972972973 0.0018181818181818182 0.005405405405405406
1 0.5209090909090909 0.45844594594594595 0.0036363636363636364 0.008783783783783784
1 0.6727272727272727 0.44425675675675674 0.0027272727272727275 0.006081081081081081
1 0.925 0.435472972972973 0.0027272727272727275 0.00472972972972973
0 0.6288636363636364 0.4577702702702703 0.005909090909090909 0.011486486486486487
