0 0.8136363636363636 0.35135135135135137 0.02 0.022972972972972974
0 0.6825 0.35202702702702704 0.014090909090909091 0.02027027027027027
0 0.5720454545454545 0.3510135135135135 0.015 0.025
0 0.4156818181818182 0.3506756756756757 0.011363636363636364 0.021621621621621623
0 0.3679545454545455 0.35405405405405405 0.015 0.016216216216216217
0 0.3034090909090909 0.35202702702702704 0.008636363636363636 0.02027027027027027
1 0.2515909090909091 0.37533783783783786 0.017727272727272727 0.015540540540540541
1 0.31431818181818183 0.37601351351351353 0.014090909090909091 0.020945945945945947
1 0.38431818181818184 0.37466216216216214 0.013181818181818182 0.027702702702702704
1 0.4636363636363636 0.3547297297297297 0.011818181818181818 0.01756756756756757
1 0.4965909090909091 0.37567567567567567 0.019545454545454546 0.031081081081081083
2 0.5131818181818182 0.3547297297297297 0.011818181818181818 0.01891891891891892
2 0.5672727272727273 0.3810810810810811 0.02181818181818182 0.024324324324324326
