1 0.32954545454545453 0.5692567567567568 0.03363636363636364 0.056081081081081084
1 0.4172727272727273 0.5165540540540541 0.02090909090909091 0.03445945945945946
1 0.36363636363636365 0.4834459459459459 0.01 0.019594594594594596
1 0.3 0.4783783783783784 0.00909090909090909 0.01756756756756757
1 0.235 0.4777027027027027 0.00909090909090909 0.014864864864864866
1 0.17227272727272727 0.4793918918918919 0.00909090909090909 0.015540540540540541
1 0.0775 0.4864864864864865 0.012272727272727272 0.01756756756756757
1 0.4109090909090909 0.49527027027027026 0.007272727272727273 0.025675675675675677
0 0.725909090909091 0.5385135135135135 0.02909090909090909 0.0445945945945946
0 0.6609090909090909 0.5013513513513513 0.016363636363636365 0.02972972972972973
0 0.5502272727272727 0.4777027027027027 0.010454545454545454 0.01891891891891892
0 0.4625 0.4706081081081081 0.007727272727272728 0.015540540540540541
0 0.38727272727272727 0.4672297297297297 0.007272727272727273 0.01418918918918919
0 0.31545454545454543 0.46756756756756757 0.006363636363636364 0.013513513513513514
0 0.1456818181818182 0.4760135135135135 0.008636363636363636 0.01418918918918919
0 0.08454545454545455 0.4672297297297297 0.005454545454545455 0.008783783783783784
0 0.8463636363636363 0.44256756756756754 0.0036363636363636364 0.006756756756756757
0 0.8152272727272727 0.44256756756756754 0.003181818181818182 0.006756756756756757
0 0.7822727272727272 0.4445945945945946 0.0036363636363636364 0.006756756756756757
0 0.764090909090909 0.4456081081081081 0.0027272727272727275 0.007432432432432433
0 0.7481818181818182 0.4472972972972973 0.0036363636363636364 0.008108108108108109
0 0.7384090909090909 0.4486486486486487 0.004090909090909091 0.008108108108108109
0 0.7218181818181818 0.45135135135135135 0.005454545454545455 0.00945945945945946
0 0.7034090909090909 0.4540540540540541 0.005 0.010810810810810811
0 0.6515909090909091 0.45675675675675675 0.005909090909090909 0.010810810810810811
0 0.5731818181818182 0.45675675675675675 0.005454545454545455 0.012162162162162163
0 0.5147727272727273 0.4560810810810811 0.005 0.010810810810810811
0 0.5004545454545455 0.4523648648648649 0.0036363636363636364 0.008783783783783784
0 0.4847727272727273 0.45304054054054055 0.004090909090909091 0.010135135135135136
0 0.47909090909090907 0.4557432432432432 0.005454545454545455 0.011486486486486487
1 0.6320454545454546 0.4523648648648649 0.004090909090909091 0.008783783783783784
1 0.6747727272727273 0.4486486486486487 0.003181818181818182 0.008108108108108109
1 0.6934090909090909 0.4469594594594595 0.003181818181818182 0.006081081081081081
1 0.5938636363636364 0.4527027027027027 0.005 0.010810810810810811
1 0.555 0.45135135135135135 0.0036363636363636364 0.00945945945945946
1 0.5593181818181818 0.4527027027027027 0.004090909090909091 0.00945945945945946
1 0.5647727272727273 0.4503378378378378 0.003181818181818182 0.007432432432432433
1 0.5784090909090909 0.4489864864864865 0.003181818181818182 0.007432432432432433
0 0.52 0.4506756756756757 0.0036363636363636364 0.008108108108108109
0 0.5365909090909091 0.45 0.003181818181818182 0.006756756756756757
1 0.7047727272727272 0.44594594594594594 0.003181818181818182 0.006756756756756757
1 0.7245454545454545 0.44425675675675674 0.0027272727272727275 0.006081081081081081
1 0.7672727272727272 0.4429054054054054 0.0027272727272727275 0.007432432432432433
1 0.7977272727272727 0.4418918918918919 0.0036363636363636364 0.006756756756756757
1 0.12590909090909091 0.4648648648648649 0.0036363636363636364 0.008108108108108109
0 0.1725 0.4631756756756757 0.004090909090909091 0.007432432432432433
1 0.19227272727272726 0.4614864864864865 0.0027272727272727275 0.006756756756756757
0 0.23727272727272727 0.47195945945945944 0.0036363636363636364 0.011486486486486487
0 0.2570454545454545 0.45844594594594595 0.003181818181818182 0.007432432432432433
1 0.2806818181818182 0.4570945945945946 0.0022727272727272726 0.00472972972972973
0 0.2243181818181818 0.4608108108108108 0.0022727272727272726 0.005405405405405406
0 0.3175 0.4554054054054054 0.003181818181818182 0.005405405405405406
0 0.3431818181818182 0.4537162162162162 0.0027272727272727275 0.006081081081081081
1 0.3361363636363636 0.45337837837837835 0.0022727272727272726 0.004054054054054054
1 0.30818181818181817 0.4557432432432432 0.0027272727272727275 0.00472972972972973
3 0.36204545454545456 0.4503378378378378 0.0022727272727272726 0.006081081081081081
3 0.3809090909090909 0.45 0.0027272727272727275 0.006756756756756757
1 0.37681818181818183 0.4506756756756757 0.0018181818181818182 0.004054054054054054
0 0.3654545454545455 0.4523648648648649 0.0027272727272727275 0.006081081081081081
0 0.3952272727272727 0.4506756756756757 0.0022727272727272726 0.004054054054054054
0 0.4147727272727273 0.44966216216216215 0.0022727272727272726 0.00472972972972973
1 0.42 0.4489864864864865 0.0018181818181818182 0.00472972972972973
1 0.3972727272727273 0.45 0.0018181818181818182 0.004054054054054054
1 0.435 0.4483108108108108 0.0018181818181818182 0.00472972972972973
0 0.4565909090909091 0.44763513513513514 0.0022727272727272726 0.00472972972972973
1 0.445 0.44797297297297295 0.0018181818181818182 0.004054054054054054
1 0.4672727272727273 0.4466216216216216 0.0018181818181818182 0.004054054054054054
0 0.47613636363636364 0.4466216216216216 0.0022727272727272726 0.004054054054054054
1 0.4913636363636364 0.44594594594594594 0.0018181818181818182 0.004054054054054054
0 0.4954545454545455 0.4456081081081081 0.0018181818181818182 0.0033783783783783786
0 0.5486363636363636 0.4483108108108108 0.0027272727272727275 0.006081081081081081
0 0.5622727272727273 0.4452702702702703 0.0027272727272727275 0.005405405405405406
1 0.5702272727272727 0.4435810810810811 0.0022727272727272726 0.00472972972972973
1 0.5811363636363637 0.44324324324324327 0.0022727272727272726 0.004054054054054054
1 0.59 0.4486486486486487 0.0018181818181818182 0.005405405405405406
1 0.6038636363636364 0.4445945945945946 0.0022727272727272726 0.004054054054054054
1 0.5972727272727273 0.44391891891891894 0.0018181818181818182 0.004054054054054054
1 0.5934090909090909 0.4469594594594595 0.0022727272727272726 0.00472972972972973
1 0.5888636363636364 0.44324324324324327 0.0022727272727272726 0.004054054054054054
1 0.595 0.4452702702702703 0.0018181818181818182 0.005405405405405406
1 0.6536363636363637 0.4506756756756757 0.0027272727272727275 0.008108108108108109
1 0.826590909090909 0.4412162162162162 0.003181818181818182 0.005405405405405406
1 0.9277272727272727 0.4408783783783784 0.0027272727272727275 0.006081081081081081
0 0.8877272727272727 0.44155405405405407 0.0027272727272727275 0.006081081081081081
