0 0.7020454545454545 0.5611486486486487 0.03227272727272727 0.05337837837837838
0 0.6370454545454546 0.4966216216216216 0.015 0.02702702702702703
0 0.6431818181818182 0.47871621621621624 0.00909090909090909 0.020945945945945947
0 0.6663636363636364 0.46452702702702703 0.007272727272727273 0.015540540540540541
0 0.6984090909090909 0.4591216216216216 0.005909090909090909 0.012837837837837839
0 0.7561363636363636 0.4564189189189189 0.005909090909090909 0.011486486486486487
0 0.8481818181818181 0.4570945945945946 0.007272727272727273 0.012837837837837839
1 0.915 0.45304054054054055 0.008181818181818182 0.011486486486486487
1 0.8431818181818181 0.452027027027027 0.005454545454545455 0.010810810810810811
1 0.7806818181818181 0.4516891891891892 0.005909090909090909 0.010135135135135136
1 0.7025 0.4527027027027027 0.004090909090909091 0.010810810810810811
1 0.64 0.45472972972972975 0.005454545454545455 0.012162162162162163
1 0.6031818181818182 0.45844594594594595 0.006363636363636364 0.012837837837837839
1 0.5556818181818182 0.46385135135135136 0.007727272727272728 0.01418918918918919
1 0.52 0.47162162162162163 0.008181818181818182 0.016216216216216217
1 0.4693181818181818 0.4858108108108108 0.012272727272727272 0.02027027027027027
1 0.395 0.525 0.024545454545454544 0.03783783783783784
1 0.2786363636363636 0.6074324324324324 0.038181818181818185 0.07567567567567568
1 0.0725 0.47364864864864864 0.008636363636363636 0.013513513513513514
1 0.0875 0.4685810810810811 0.005909090909090909 0.011486486486486487
1 0.08318181818181818 0.4668918918918919 0.004545454545454545 0.010810810810810811
1 0.07181818181818182 0.4652027027027027 0.007272727272727273 0.011486486486486487
