1 0.21 0.6013513513513513 0.04818181818181818 0.06891891891891892
1 0.3459090909090909 0.5111486486486486 0.017272727272727273 0.030405405405405407
1 0.3781818181818182 0.48952702702702705 0.012727272727272728 0.0222972972972973
1 0.4175 0.47195945945945944 0.007727272727272728 0.015540540540540541
1 0.45386363636363636 0.4635135135135135 0.006818181818181818 0.012162162162162163
1 0.48204545454545455 0.45844594594594595 0.005 0.011486486486486487
1 0.5209090909090909 0.4543918918918919 0.004545454545454545 0.010135135135135136
1 0.5520454545454545 0.4506756756756757 0.004090909090909091 0.00945945945945946
1 0.6027272727272728 0.44932432432432434 0.0036363636363636364 0.008108108108108109
1 0.6627272727272727 0.44797297297297295 0.0036363636363636364 0.008108108108108109
1 0.7068181818181818 0.44797297297297295 0.0036363636363636364 0.008108108108108109
1 0.7527272727272727 0.44797297297297295 0.0036363636363636364 0.008108108108108109
1 0.8138636363636363 0.45 0.005 0.00945945945945946
1 0.9045454545454545 0.45135135135135135 0.008181818181818182 0.012162162162162163
0 0.6427272727272727 0.5469594594594595 0.026363636363636363 0.04932432432432433
0 0.5465909090909091 0.4956081081081081 0.014090909090909091 0.025
0 0.5315909090909091 0.47466216216216217 0.009545454545454546 0.016891891891891893
0 0.5420454545454545 0.46554054054054056 0.007727272727272728 0.014864864864864866
0 0.5665909090909091 0.4570945945945946 0.006818181818181818 0.011486486486486487
0 0.595 0.45337837837837835 0.004545454545454545 0.00945945945945946
0 0.64 0.45135135135135135 0.004545454545454545 0.00945945945945946
0 0.7036363636363636 0.4506756756756757 0.004545454545454545 0.00945945945945946
0 0.774090909090909 0.4523648648648649 0.005454545454545455 0.010135135135135136
0 0.8284090909090909 0.4540540540540541 0.006818181818181818 0.012162162162162163
