1 0.9072727272727272 0.4581081081081081 0.00909090909090909 0.013513513513513514
1 0.8143181818181818 0.45844594594594595 0.008636363636363636 0.01418918918918919
1 0.7195454545454546 0.46047297297297296 0.007272727272727273 0.01418918918918919
1 0.6304545454545455 0.46418918918918917 0.008181818181818182 0.014864864864864866
1 0.5613636363636364 0.4743243243243243 0.00909090909090909 0.01891891891891892
1 0.5009090909090909 0.49324324324324326 0.015454545454545455 0.025675675675675677
1 0.37977272727272726 0.55 0.030454545454545453 0.0472972972972973
0 0.711590909090909 0.48074324324324325 0.011363636363636364 0.0222972972972973
0 0.8870454545454546 0.46756756756756757 0.011363636363636364 0.01891891891891892
0 0.7711363636363636 0.4726351351351351 0.011363636363636364 0.018243243243243244
0 0.7106818181818182 0.504054054054054 0.015909090909090907 0.02837837837837838
0 0.7829545454545455 0.5709459459459459 0.038636363636363635 0.060810810810810814
