1 0.2681818181818182 0.6199324324324325 0.05181818181818182 0.0777027027027027
1 0.45545454545454545 0.5300675675675676 0.02181818181818182 0.038513513513513516
1 0.5938636363636364 0.497972972972973 0.013181818181818182 0.025675675675675677
1 0.730909090909091 0.4837837837837838 0.01 0.02027027027027027
1 0.8225 0.47635135135135137 0.010454545454545454 0.01891891891891892
1 0.9302272727272727 0.47195945945945944 0.011363636363636364 0.016891891891891893
0 0.8540909090909091 0.5253378378378378 0.023636363636363636 0.03986486486486487
0 0.831590909090909 0.5766891891891892 0.035 0.06148648648648649
0 0.9309090909090909 0.5077702702702702 0.01 0.025
0 0.8931818181818182 0.45472972972972975 0.005454545454545455 0.008108108108108109
0 0.8738636363636364 0.4523648648648649 0.003181818181818182 0.006081081081081081
1 0.8640909090909091 0.4554054054054054 0.004545454545454545 0.008108108108108109
1 0.8552272727272727 0.45135135135135135 0.0022727272727272726 0.005405405405405406
1 0.9256818181818182 0.45135135135135135 0.003181818181818182 0.005405405405405406
1 0.7120454545454545 0.45304054054054055 0.0022727272727272726 0.006081081081081081
1 0.7011363636363637 0.4527027027027027 0.0022727272727272726 0.005405405405405406
1 0.6872727272727273 0.45304054054054055 0.0027272727272727275 0.006081081081081081
1 0.6902272727272727 0.4527027027027027 0.0022727272727272726 0.005405405405405406
1 0.7170454545454545 0.452027027027027 0.0022727272727272726 0.005405405405405406
0 0.7340909090909091 0.45337837837837835 0.0036363636363636364 0.008108108108108109
0 0.7706818181818181 0.4523648648648649 0.003181818181818182 0.007432432432432433
0 0.7534090909090909 0.4537162162162162 0.003181818181818182 0.007432432432432433
0 0.7418181818181818 0.4523648648648649 0.0027272727272727275 0.006081081081081081
1 0.8052272727272727 0.45506756756756755 0.003181818181818182 0.007432432432432433
0 0.8013636363636364 0.4540540540540541 0.0036363636363636364 0.008108108108108109
1 0.7877272727272727 0.4516891891891892 0.0027272727272727275 0.006081081081081081
1 0.7493181818181818 0.4537162162162162 0.003181818181818182 0.007432432432432433
1 0.7440909090909091 0.452027027027027 0.0027272727272727275 0.006756756756756757
