2 0.6347727272727273 0.34594594594594597 0.010454545454545454 0.014864864864864866
2 0.6775 0.36283783783783785 0.017727272727272727 0.01756756756756757
0 0.6827272727272727 0.3456081081081081 0.01090909090909091 0.019594594594594596
0 0.7697727272727273 0.3506756756756757 0.012272727272727272 0.016216216216216217
0 0.8718181818181818 0.35405405405405405 0.015454545454545455 0.01891891891891892
1 0.6252272727272727 0.3570945945945946 0.012272727272727272 0.0222972972972973
1 0.5952272727272727 0.34425675675675677 0.008636363636363636 0.01418918918918919
0 0.5563636363636364 0.33952702702702703 0.01 0.018243243243243244
0 0.5168181818181818 0.33952702702702703 0.012727272727272728 0.012837837837837839
0 0.4627272727272727 0.33547297297297296 0.008181818181818182 0.015540540540540541
1 0.43204545454545457 0.34864864864864864 0.013181818181818182 0.012162162162162163
1 0.48318181818181816 0.35135135135135137 0.01090909090909091 0.014864864864864866
1 0.5381818181818182 0.35236486486486485 0.01090909090909091 0.020945945945945947
