1 0.4425 0.5422297297297297 0.022272727272727274 0.04527027027027027
1 0.6388636363636364 0.5081081081081081 0.018636363636363635 0.02972972972972973
1 0.7475 0.4962837837837838 0.014090909090909091 0.025
1 0.8427272727272728 0.4891891891891892 0.013636363636363636 0.022972972972972974
1 0.8788636363636364 0.47871621621621624 0.012272727272727272 0.018243243243243244
1 0.8613636363636363 0.4652027027027027 0.008181818181818182 0.01418918918918919
1 0.8443181818181819 0.4577702702702703 0.005 0.010135135135135136
1 0.8347727272727272 0.45337837837837835 0.004090909090909091 0.00945945945945946
0 0.8813636363636363 0.4469594594594595 0.0036363636363636364 0.007432432432432433
0 0.9040909090909091 0.45135135135135135 0.005454545454545455 0.00945945945945946
0 0.9170454545454545 0.45337837837837835 0.005909090909090909 0.00945945945945946
0 0.8534090909090909 0.5993243243243244 0.04863636363636364 0.07027027027027027
1 0.8281818181818181 0.4506756756756757 0.004545454545454545 0.008108108108108109
1 0.8229545454545455 0.44797297297297295 0.003181818181818182 0.008108108108108109
0 0.8731818181818182 0.4456081081081081 0.0036363636363636364 0.007432432432432433
3 0.8645454545454545 0.4418918918918919 0.004545454545454545 0.00945945945945946
3 0.8159090909090909 0.44155405405405407 0.004545454545454545 0.010135135135135136
