1 0.2736363636363636 0.5412162162162162 0.028181818181818183 0.051351351351351354
1 0.3140909090909091 0.49898648648648647 0.024545454545454544 0.037162162162162164
1 0.3425 0.4810810810810811 0.023181818181818182 0.025675675675675677
1 0.3665909090909091 0.4631756756756757 0.018636363636363635 0.020945945945945947
1 0.5406818181818182 0.4689189189189189 0.019545454545454546 0.02702702702702703
0 0.7009090909090909 0.6652027027027027 0.06272727272727273 0.09256756756756757
0 0.6313636363636363 0.5496621621621621 0.04818181818181818 0.04932432432432433
0 0.571590909090909 0.4966216216216216 0.02409090909090909 0.04864864864864865
0 0.5509090909090909 0.4483108108108108 0.012727272727272728 0.029054054054054056
0 0.5397727272727273 0.44155405405405407 0.011363636363636364 0.019594594594594596
0 0.5320454545454546 0.4277027027027027 0.009545454545454546 0.024324324324324326
2 0.21954545454545454 0.5864864864864865 0.04909090909090909 0.04864864864864865
2 0.555 0.48243243243243245 0.02181818181818182 0.032432432432432434
