0 0.6915909090909091 0.5162162162162162 0.022272727272727274 0.03513513513513514
0 0.6552272727272728 0.4766891891891892 0.011363636363636364 0.019594594594594596
1 0.5756818181818182 0.452027027027027 0.005 0.00945945945945946
1 0.5659090909090909 0.4557432432432432 0.005454545454545455 0.011486486486486487
1 0.5481818181818182 0.46283783783783783 0.007272727272727273 0.013513513513513514
0 0.6504545454545455 0.46385135135135136 0.005454545454545455 0.01418918918918919
1 0.5215909090909091 0.4743243243243243 0.008636363636363636 0.01756756756756757
1 0.4511363636363636 0.5070945945945946 0.015909090909090907 0.03175675675675676
1 0.5893181818181819 0.4489864864864865 0.003181818181818182 0.007432432432432433
1 0.5984090909090909 0.4462837837837838 0.003181818181818182 0.007432432432432433
1 0.6077272727272728 0.4435810810810811 0.0027272727272727275 0.006081081081081081
1 0.6129545454545454 0.4429054054054054 0.003181818181818182 0.006081081081081081
1 0.8888636363636364 0.4435810810810811 0.004090909090909091 0.007432432432432433
0 0.6479545454545454 0.4564189189189189 0.003181818181818182 0.010135135135135136
0 0.6461363636363636 0.45304054054054055 0.0022727272727272726 0.008783783783783784
1 0.6254545454545455 0.4418918918918919 0.0027272727272727275 0.005405405405405406
0 0.6470454545454546 0.4469594594594595 0.0022727272727272726 0.00472972972972973
0 0.6493181818181818 0.44324324324324327 0.0022727272727272726 0.004054054054054054
0 0.6513636363636364 0.44222972972972974 0.0018181818181818182 0.00472972972972973
0 0.6670454545454545 0.4412162162162162 0.0022727272727272726 0.004054054054054054
0 0.6929545454545455 0.4412162162162162 0.0022727272727272726 0.004054054054054054
1 0.6765909090909091 0.4408783783783784 0.0022727272727272726 0.00472972972972973
1 0.7009090909090909 0.4408783783783784 0.0027272727272727275 0.00472972972972973
1 0.7329545454545454 0.4412162162162162 0.003181818181818182 0.005405405405405406
0 0.7272727272727273 0.4418918918918919 0.0027272727272727275 0.005405405405405406
0 0.7668181818181818 0.4429054054054054 0.0027272727272727275 0.00472972972972973
0 0.7952272727272728 0.4429054054054054 0.003181818181818182 0.006081081081081081
1 0.7715909090909091 0.4418918918918919 0.003181818181818182 0.005405405405405406
1 0.8022727272727272 0.44222972972972974 0.0036363636363636364 0.006081081081081081
0 0.83 0.4435810810810811 0.0036363636363636364 0.007432432432432433
1 0.8577272727272728 0.4435810810810811 0.0036363636363636364 0.006081081081081081
0 0.8645454545454545 0.4445945945945946 0.004545454545454545 0.008108108108108109
1 0.93 0.44425675675675674 0.004545454545454545 0.007432432432432433
