1 0.4081818181818182 0.5513513513513514 0.02909090909090909 0.05
1 0.5325 0.5010135135135135 0.015909090909090907 0.029054054054054056
1 0.5922727272727273 0.4817567567567568 0.01 0.02027027027027027
1 0.6827272727272727 0.47195945945945944 0.00909090909090909 0.016891891891891893
1 0.8 0.46824324324324323 0.00909090909090909 0.016216216216216217
0 0.7429545454545454 0.49763513513513513 0.015 0.027702702702702704
0 0.7552272727272727 0.539527027027027 0.029545454545454545 0.046621621621621624
0 0.8206818181818182 0.4847972972972973 0.014090909090909091 0.02364864864864865
1 0.8977272727272727 0.4689189189189189 0.01090909090909091 0.016216216216216217
1 0.11181818181818182 0.7402027027027027 0.09636363636363636 0.14121621621621622
