1 0.16886363636363635 0.6378378378378379 0.065 0.0891891891891892
1 0.45227272727272727 0.529054054054054 0.02181818181818182 0.04054054054054054
1 0.5606818181818182 0.49898648648648647 0.015909090909090907 0.027702702702702704
1 0.6165909090909091 0.48277027027027025 0.012272727272727272 0.0222972972972973
1 0.6536363636363637 0.47364864864864864 0.00909090909090909 0.01756756756756757
1 0.6186363636363637 0.46013513513513515 0.007272727272727273 0.013513513513513514
1 0.6497727272727273 0.46621621621621623 0.004090909090909091 0.016216216216216217
1 0.5761363636363637 0.4564189189189189 0.005909090909090909 0.012837837837837839
1 0.535 0.4557432432432432 0.005454545454545455 0.010135135135135136
1 0.4993181818181818 0.4554054054054054 0.005 0.00945945945945946
1 0.45840909090909093 0.4570945945945946 0.004090909090909091 0.010135135135135136
1 0.3997727272727273 0.4597972972972973 0.005909090909090909 0.010135135135135136
1 0.335 0.4631756756756757 0.005454545454545455 0.011486486486486487
1 0.23954545454545453 0.46756756756756757 0.007272727272727273 0.012162162162162163
1 0.17704545454545453 0.46790540540540543 0.007727272727272728 0.01418918918918919
1 0.12840909090909092 0.46824324324324323 0.006818181818181818 0.010810810810810811
0 0.7454545454545455 0.5868243243243243 0.04363636363636364 0.06554054054054054
0 0.7913636363636364 0.5158783783783784 0.026363636363636363 0.037162162162162164
0 0.8268181818181818 0.48783783783783785 0.014545454545454545 0.024324324324324326
0 0.8188636363636363 0.47466216216216217 0.008636363636363636 0.020945945945945947
0 0.7545454545454545 0.4625 0.008181818181818182 0.01418918918918919
0 0.6888636363636363 0.45675675675675675 0.005909090909090909 0.012162162162162163
0 0.6318181818181818 0.4527027027027027 0.005454545454545455 0.010810810810810811
0 0.58 0.452027027027027 0.004545454545454545 0.00945945945945946
0 0.5277272727272727 0.4527027027027027 0.004545454545454545 0.00945945945945946
0 0.4784090909090909 0.4540540540540541 0.005 0.00945945945945946
0 0.4381818181818182 0.4554054054054054 0.004545454545454545 0.00945945945945946
0 0.38681818181818184 0.4570945945945946 0.005454545454545455 0.010135135135135136
0 0.32795454545454544 0.4597972972972973 0.005 0.010135135135135136
0 0.2672727272727273 0.46216216216216216 0.006363636363636364 0.010810810810810811
0 0.25386363636363635 0.45844594594594595 0.004090909090909091 0.008783783783783784
0 0.22477272727272726 0.46283783783783783 0.006818181818181818 0.010810810810810811
0 0.21681818181818183 0.4608108108108108 0.005454545454545455 0.010810810810810811
0 0.89 0.4523648648648649 0.007272727272727273 0.011486486486486487
0 0.7986363636363636 0.4516891891891892 0.006363636363636364 0.010135135135135136
0 0.7538636363636364 0.4462837837837838 0.003181818181818182 0.007432432432432433
0 0.7411363636363636 0.44932432432432434 0.005 0.010810810810810811
0 0.7325 0.4466216216216216 0.004090909090909091 0.008108108108108109
0 0.7159090909090909 0.44797297297297295 0.0036363636363636364 0.008108108108108109
0 0.7097727272727272 0.4486486486486487 0.004090909090909091 0.008108108108108109
1 0.8763636363636363 0.4486486486486487 0.005454545454545455 0.010810810810810811
1 0.8288636363636364 0.4486486486486487 0.005 0.00945945945945946
1 0.8190909090909091 0.4452702702702703 0.0036363636363636364 0.008108108108108109
1 0.8352272727272727 0.4445945945945946 0.004090909090909091 0.008108108108108109
0 0.7729545454545454 0.4452702702702703 0.003181818181818182 0.006756756756756757
0 0.42568181818181816 0.44966216216216215 0.003181818181818182 0.006081081081081081
1 0.9084090909090909 0.44797297297297295 0.005 0.00945945945945946
1 0.12113636363636364 0.46655405405405403 0.005909090909090909 0.010135135135135136
1 0.11409090909090909 0.4618243243243243 0.005454545454545455 0.007432432432432433
1 0.15022727272727274 0.4631756756756757 0.005 0.010135135135135136
1 0.1640909090909091 0.46114864864864863 0.004545454545454545 0.008783783783783784
1 0.17272727272727273 0.46114864864864863 0.004545454545454545 0.008783783783783784
1 0.7918181818181819 0.44797297297297295 0.0036363636363636364 0.008108108108108109
1 0.7881818181818182 0.4472972972972973 0.0036363636363636364 0.006756756756756757
1 0.13772727272727273 0.4577702702702703 0.0027272727272727275 0.00472972972972973
0 0.15272727272727274 0.45844594594594595 0.0036363636363636364 0.006081081081081081
0 0.15954545454545455 0.4597972972972973 0.0036363636363636364 0.007432432432432433
1 0.18295454545454545 0.45675675675675675 0.003181818181818182 0.005405405405405406
0 0.19022727272727272 0.4570945945945946 0.003181818181818182 0.006081081081081081
0 0.2015909090909091 0.4591216216216216 0.004090909090909091 0.007432432432432433
0 0.2365909090909091 0.4591216216216216 0.003181818181818182 0.008783783783783784
0 0.27090909090909093 0.4554054054054054 0.0027272727272727275 0.005405405405405406
0 0.29409090909090907 0.4543918918918919 0.0027272727272727275 0.006081081081081081
1 0.2968181818181818 0.4537162162162162 0.0027272727272727275 0.00472972972972973
1 0.3225 0.45337837837837835 0.0022727272727272726 0.004054054054054054
0 0.33181818181818185 0.4537162162162162 0.0027272727272727275 0.006081081081081081
1 0.35409090909090907 0.4523648648648649 0.0027272727272727275 0.00472972972972973
0 0.36704545454545456 0.4523648648648649 0.003181818181818182 0.006081081081081081
1 0.4002272727272727 0.4506756756756757 0.0022727272727272726 0.005405405405405406
1 0.44477272727272726 0.4489864864864865 0.003181818181818182 0.00472972972972973
0 0.4722727272727273 0.4486486486486487 0.0027272727272727275 0.005405405405405406
1 0.4825 0.4486486486486487 0.0022727272727272726 0.004054054054054054
0 0.5034090909090909 0.4483108108108108 0.0022727272727272726 0.00472972972972973
1 0.5109090909090909 0.44763513513513514 0.0018181818181818182 0.00472972972972973
1 0.5406818181818182 0.4462837837837838 0.0022727272727272726 0.00472972972972973
1 0.5611363636363637 0.44594594594594594 0.0022727272727272726 0.004054054054054054
0 0.5688636363636363 0.44594594594594594 0.0022727272727272726 0.005405405405405406
1 0.5834090909090909 0.4452702702702703 0.0022727272727272726 0.004054054054054054
0 0.5893181818181819 0.4449324324324324 0.0022727272727272726 0.00472972972972973
0 0.6079545454545454 0.4449324324324324 0.0022727272727272726 0.00472972972972973
3 0.605 0.44324324324324327 0.0018181818181818182 0.005405405405405406
1 0.6179545454545454 0.44391891891891894 0.0022727272727272726 0.004054054054054054
3 0.6218181818181818 0.44324324324324327 0.0018181818181818182 0.005405405405405406
1 0.6361363636363636 0.4435810810810811 0.0022727272727272726 0.00472972972972973
1 0.6575 0.44324324324324327 0.0022727272727272726 0.004054054054054054
0 0.6529545454545455 0.4435810810810811 0.0022727272727272726 0.00472972972972973
0 0.6720454545454545 0.4435810810810811 0.0022727272727272726 0.00472972972972973
1 0.6822727272727273 0.44256756756756754 0.0018181818181818182 0.004054054054054054
0 0.6940909090909091 0.44324324324324327 0.0018181818181818182 0.004054054054054054
1 0.7052272727272727 0.44256756756756754 0.0022727272727272726 0.004054054054054054
0 0.7147727272727272 0.44222972972972974 0.0022727272727272726 0.00472972972972973
1 0.8020454545454545 0.4466216216216216 0.0022727272727272726 0.006756756756756757
0 0.8102272727272727 0.44256756756756754 0.003181818181818182 0.005405405405405406
0 0.7788636363636363 0.44155405405405407 0.0022727272727272726 0.00472972972972973
1 0.8434090909090909 0.44391891891891894 0.003181818181818182 0.006756756756756757
1 0.8252272727272727 0.4408783783783784 0.0022727272727272726 0.00472972972972973
1 0.8386363636363636 0.4408783783783784 0.0018181818181818182 0.00472972972972973
1 0.8475 0.4429054054054054 0.0022727272727272726 0.006081081081081081
1 0.8502272727272727 0.44222972972972974 0.0022727272727272726 0.006081081081081081
1 0.8540909090909091 0.4408783783783784 0.0018181818181818182 0.00472972972972973
1 0.8565909090909091 0.44155405405405407 0.0022727272727272726 0.00472972972972973
1 0.8629545454545454 0.4418918918918919 0.003181818181818182 0.005405405405405406
0 0.7595454545454545 0.44155405405405407 0.0027272727272727275 0.00472972972972973
1 0.07272727272727272 0.46114864864864863 0.005454545454545455 0.010135135135135136
1 0.09227272727272727 0.4581081081081081 0.004545454545454545 0.00945945945945946
