1 0.2856818181818182 0.572972972972973 0.03590909090909091 0.05945945945945946
1 0.42113636363636364 0.5003378378378378 0.01681818181818182 0.026351351351351353
1 0.4602272727272727 0.47466216216216217 0.008636363636363636 0.016891891891891893
1 0.4725 0.4635135135135135 0.006818181818181818 0.012162162162162163
1 0.485 0.45844594594594595 0.005454545454545455 0.010135135135135136
1 0.49386363636363634 0.4540540540540541 0.004090909090909091 0.00945945945945946
1 0.5152272727272728 0.452027027027027 0.004090909090909091 0.008108108108108109
1 0.5525 0.44932432432432434 0.004090909090909091 0.008108108108108109
1 0.9268181818181818 0.45304054054054055 0.007272727272727273 0.011486486486486487
1 0.8602272727272727 0.4516891891891892 0.005909090909090909 0.010135135135135136
1 0.8025 0.4503378378378378 0.005909090909090909 0.008783783783783784
1 0.7440909090909091 0.4489864864864865 0.004545454545454545 0.008783783783783784
0 0.764090909090909 0.5972972972972973 0.04 0.07297297297297298
0 0.6234090909090909 0.49898648648648647 0.015 0.029054054054054056
0 0.5845454545454546 0.4743243243243243 0.00909090909090909 0.01756756756756757
0 0.5659090909090909 0.4625 0.006363636363636364 0.012837837837837839
0 0.5854545454545454 0.45135135135135135 0.004545454545454545 0.00945945945945946
0 0.6256818181818182 0.44966216216216215 0.004090909090909091 0.008783783783783784
0 0.6840909090909091 0.45135135135135135 0.004545454545454545 0.008108108108108109
0 0.7543181818181818 0.4523648648648649 0.005 0.010135135135135136
0 0.8202272727272727 0.4543918918918919 0.006818181818181818 0.011486486486486487
0 0.9152272727272728 0.4574324324324324 0.008636363636363636 0.013513513513513514
1 0.5943181818181819 0.4486486486486487 0.004090909090909091 0.008108108108108109
1 0.6315909090909091 0.4489864864864865 0.004090909090909091 0.007432432432432433
0 0.5631818181818182 0.4581081081081081 0.0036363636363636364 0.008108108108108109
0 0.5611363636363637 0.4537162162162162 0.003181818181818182 0.008783783783783784
1 0.6811363636363637 0.4486486486486487 0.0022727272727272726 0.006756756756756757
