1 0.08045454545454546 0.4820945945945946 0.01090909090909091 0.016891891891891893
1 0.095 0.47635135135135137 0.00909090909090909 0.014864864864864866
1 0.10431818181818182 0.46418918918918917 0.005909090909090909 0.00945945945945946
1 0.115 0.47094594594594597 0.006363636363636364 0.012162162162162163
1 0.1175 0.4648648648648649 0.005 0.010810810810810811
1 0.12318181818181818 0.46655405405405403 0.005454545454545455 0.010135135135135136
1 0.06613636363636363 0.4652027027027027 0.005 0.008783783783783784
1 0.3552272727272727 0.5530405405405405 0.026818181818181817 0.04932432432432433
1 0.4218181818181818 0.5081081081081081 0.01818181818181818 0.02972972972972973
1 0.4784090909090909 0.4804054054054054 0.010454545454545454 0.01891891891891892
1 0.5231818181818182 0.46925675675675677 0.007272727272727273 0.01418918918918919
1 0.5561363636363637 0.4635135135135135 0.005909090909090909 0.013513513513513514
1 0.6004545454545455 0.4581081081081081 0.005454545454545455 0.010810810810810811
1 0.6356818181818182 0.45472972972972975 0.004090909090909091 0.010810810810810811
1 0.6947727272727273 0.4537162162162162 0.004090909090909091 0.008783783783783784
1 0.7686363636363637 0.4527027027027027 0.004545454545454545 0.00945945945945946
1 0.8261363636363637 0.45304054054054055 0.004090909090909091 0.010135135135135136
1 0.8927272727272727 0.4543918918918919 0.006363636363636364 0.011486486486486487
0 0.9327272727272727 0.46013513513513515 0.007272727272727273 0.014864864864864866
0 0.8281818181818181 0.4570945945945946 0.007272727272727273 0.012837837837837839
0 0.7434090909090909 0.45675675675675675 0.005909090909090909 0.012162162162162163
0 0.6893181818181818 0.4594594594594595 0.005909090909090909 0.012162162162162163
0 0.6572727272727272 0.4635135135135135 0.007272727272727273 0.013513513513513514
0 0.6318181818181818 0.47533783783783784 0.00909090909090909 0.018243243243243244
0 0.6236363636363637 0.4888513513513513 0.013636363636363636 0.02364864864864865
0 0.6588636363636363 0.5297297297297298 0.022272727272727274 0.03918918918918919
