0 0.2025 0.22094594594594594 0.014090909090909091 0.02702702702702703
0 0.3184090909090909 0.20945945945945946 0.012272727272727272 0.022972972972972974
0 0.6913636363636364 0.6793918918918919 0.1190909090909091 0.23445945945945945
0 0.42977272727272725 0.19966216216216215 0.009545454545454546 0.020945945945945947
0 0.08159090909090909 0.23445945945945945 0.017727272727272727 0.031081081081081083
1 0.1075 0.21587837837837837 0.014090909090909091 0.0222972972972973
0 0.7963636363636364 0.18006756756756756 0.011818181818181818 0.020945945945945947
0 0.8897727272727273 0.17263513513513515 0.013181818181818182 0.02364864864864865
1 0.39886363636363636 0.19324324324324324 0.009545454545454546 0.01756756756756757
1 0.25181818181818183 0.20371621621621622 0.01 0.019594594594594596
1 0.5072727272727273 0.18547297297297297 0.00909090909090909 0.016891891891891893
1 0.6322727272727273 0.1793918918918919 0.008181818181818182 0.016891891891891893
0 0.6745454545454546 0.1847972972972973 0.00909090909090909 0.019594594594594596
0 0.5286363636363637 0.19256756756756757 0.008181818181818182 0.02027027027027027
