1 0.2727272727272727 0.5790540540540541 0.03272727272727273 0.06351351351351352
1 0.24295454545454545 0.527027027027027 0.023181818181818182 0.03783783783783784
1 0.16977272727272727 0.5101351351351351 0.019545454545454546 0.02837837837837838
1 0.09045454545454545 0.5047297297297297 0.014545454545454545 0.022972972972972974
1 0.08613636363636364 0.4722972972972973 0.005909090909090909 0.008108108108108109
1 0.16590909090909092 0.46790540540540543 0.004545454545454545 0.007432432432432433
1 0.2190909090909091 0.46452702702702703 0.004545454545454545 0.007432432432432433
1 0.2686363636363636 0.46114864864864863 0.0036363636363636364 0.007432432432432433
1 0.3315909090909091 0.45675675675675675 0.0022727272727272726 0.005405405405405406
1 0.37681818181818183 0.4540540540540541 0.0027272727272727275 0.005405405405405406
1 0.8861363636363636 0.4412162162162162 0.004090909090909091 0.008108108108108109
1 0.8527272727272728 0.4418918918918919 0.004545454545454545 0.008108108108108109
1 0.8170454545454545 0.44324324324324327 0.004090909090909091 0.008108108108108109
1 0.7938636363636363 0.4445945945945946 0.003181818181818182 0.006756756756756757
1 0.769090909090909 0.44594594594594594 0.0036363636363636364 0.008108108108108109
1 0.7479545454545454 0.44763513513513514 0.004090909090909091 0.010135135135135136
1 0.7365909090909091 0.4489864864864865 0.004090909090909091 0.008783783783783784
1 0.7163636363636363 0.4516891891891892 0.004545454545454545 0.008783783783783784
1 0.6934090909090909 0.4554054054054054 0.005 0.010810810810810811
1 0.6695454545454546 0.4577702702702703 0.005454545454545455 0.011486486486486487
1 0.6220454545454546 0.4594594594594595 0.005 0.010810810810810811
1 0.5784090909090909 0.4581081081081081 0.004090909090909091 0.010810810810810811
1 0.5722727272727273 0.45675675675675675 0.005454545454545455 0.010810810810810811
1 0.5838636363636364 0.45472972972972975 0.004090909090909091 0.00945945945945946
1 0.6 0.45304054054054055 0.0036363636363636364 0.008783783783783784
1 0.6129545454545454 0.4510135135135135 0.004090909090909091 0.008783783783783784
1 0.6254545454545455 0.44594594594594594 0.0027272727272727275 0.006756756756756757
0 0.9018181818181819 0.6364864864864865 0.06909090909090909 0.09324324324324325
0 0.5718181818181818 0.5135135135135135 0.01818181818181818 0.033783783783783786
0 0.4365909090909091 0.49358108108108106 0.013181818181818182 0.02364864864864865
0 0.33795454545454545 0.48445945945945945 0.011363636363636364 0.021621621621621623
0 0.25 0.4831081081081081 0.01 0.01756756756756757
0 0.14386363636363636 0.48817567567567566 0.011363636363636364 0.018243243243243244
0 0.13727272727272727 0.4702702702702703 0.006363636363636364 0.00945945945945946
0 0.23863636363636365 0.46418918918918917 0.004545454545454545 0.008108108108108109
0 0.9138636363636363 0.44222972972972974 0.005 0.007432432432432433
0 0.8772727272727273 0.44324324324324327 0.004545454545454545 0.008108108108108109
0 0.84 0.4452702702702703 0.004545454545454545 0.008108108108108109
0 0.8206818181818182 0.4462837837837838 0.005 0.010135135135135136
0 0.8052272727272727 0.44966216216216215 0.005 0.008783783783783784
0 0.798409090909091 0.4516891891891892 0.005 0.010135135135135136
0 0.7834090909090909 0.4557432432432432 0.006818181818181818 0.012837837837837839
0 0.7647727272727273 0.4597972972972973 0.007727272727272728 0.01418918918918919
0 0.701590909090909 0.4648648648648649 0.007727272727272728 0.014864864864864866
0 0.5972727272727273 0.46621621621621623 0.006363636363636364 0.013513513513513514
0 0.5213636363636364 0.4648648648648649 0.006363636363636364 0.013513513513513514
0 0.4784090909090909 0.4631756756756757 0.005909090909090909 0.011486486486486487
0 0.4865909090909091 0.46013513513513515 0.005 0.010810810810810811
0 0.5068181818181818 0.4574324324324324 0.004545454545454545 0.00945945945945946
0 0.5304545454545454 0.45472972972972975 0.004545454545454545 0.010810810810810811
0 0.5497727272727273 0.45304054054054055 0.004090909090909091 0.008783783783783784
1 0.08954545454545454 0.7831081081081082 0.05181818181818182 0.1581081081081081
0 0.3375 0.4577702702702703 0.003181818181818182 0.006081081081081081
0 0.20045454545454544 0.4672297297297297 0.0027272727272727275 0.006081081081081081
1 0.3 0.4597972972972973 0.0027272727272727275 0.00472972972972973
0 0.30863636363636365 0.4597972972972973 0.0027272727272727275 0.00472972972972973
0 0.36318181818181816 0.4560810810810811 0.0027272727272727275 0.005405405405405406
3 0.36068181818181816 0.4537162162162162 0.0022727272727272726 0.007432432432432433
3 0.3806818181818182 0.4537162162162162 0.0022727272727272726 0.007432432432432433
0 0.3965909090909091 0.4537162162162162 0.0022727272727272726 0.00472972972972973
0 0.4184090909090909 0.45304054054054055 0.0022727272727272726 0.00472972972972973
1 0.42454545454545456 0.4516891891891892 0.0018181818181818182 0.00472972972972973
1 0.39954545454545454 0.4527027027027027 0.0018181818181818182 0.004054054054054054
1 0.45181818181818184 0.4503378378378378 0.0018181818181818182 0.00472972972972973
0 0.44022727272727274 0.45135135135135135 0.0022727272727272726 0.005405405405405406
0 0.46386363636363637 0.44966216216216215 0.0022727272727272726 0.00472972972972973
1 0.4756818181818182 0.4489864864864865 0.0022727272727272726 0.00472972972972973
0 0.48522727272727273 0.4486486486486487 0.0022727272727272726 0.004054054054054054
0 0.5059090909090909 0.44797297297297295 0.0018181818181818182 0.004054054054054054
1 0.5015909090909091 0.44797297297297295 0.0022727272727272726 0.004054054054054054
