1 0.4034090909090909 0.5368243243243244 0.02409090909090909 0.03986486486486487
1 0.485 0.49966216216216214 0.013636363636363636 0.026351351351351353
1 0.5145454545454545 0.4817567567567568 0.00909090909090909 0.02027027027027027
1 0.5709090909090909 0.47364864864864864 0.007272727272727273 0.014864864864864866
1 0.5902272727272727 0.4668918918918919 0.006818181818181818 0.013513513513513514
1 0.6047727272727272 0.46283783783783783 0.005 0.012162162162162163
1 0.6125 0.4597972972972973 0.005 0.011486486486486487
1 0.6281818181818182 0.4554054054054054 0.004545454545454545 0.00945945945945946
1 0.6472727272727272 0.45337837837837835 0.004545454545454545 0.008108108108108109
1 0.6395454545454545 0.44966216216216215 0.0036363636363636364 0.007432432432432433
0 0.7486363636363637 0.547972972972973 0.031818181818181815 0.04864864864864865
0 0.7063636363636364 0.5037162162162162 0.01818181818181818 0.030405405405405407
0 0.6897727272727273 0.4875 0.013181818181818182 0.0222972972972973
0 0.7336363636363636 0.47466216216216217 0.01090909090909091 0.018243243243243244
0 0.7129545454545455 0.46655405405405403 0.007727272727272728 0.01418918918918919
0 0.701590909090909 0.46047297297297296 0.005909090909090909 0.012837837837837839
0 0.7125 0.4564189189189189 0.005 0.010135135135135136
0 0.7279545454545454 0.4537162162162162 0.005 0.010135135135135136
0 0.7340909090909091 0.4486486486486487 0.0036363636363636364 0.008108108108108109
0 0.7427272727272727 0.4523648648648649 0.004545454545454545 0.008783783783783784
0 0.7897727272727273 0.4449324324324324 0.003181818181818182 0.007432432432432433
0 0.8356818181818182 0.4449324324324324 0.003181818181818182 0.006081081081081081
0 0.9004545454545455 0.4412162162162162 0.0027272727272727275 0.005405405405405406
0 0.8661363636363636 0.44425675675675674 0.003181818181818182 0.006081081081081081
0 0.8715909090909091 0.44324324324324327 0.003181818181818182 0.006756756756756757
1 0.9254545454545454 0.4408783783783784 0.0027272727272727275 0.00472972972972973
1 0.8884090909090909 0.44054054054054054 0.0022727272727272726 0.005405405405405406
1 0.8579545454545454 0.44155405405405407 0.0022727272727272726 0.00472972972972973
1 0.8075 0.4435810810810811 0.003181818181818182 0.006081081081081081
1 0.8152272727272727 0.44324324324324327 0.0022727272727272726 0.005405405405405406
1 0.7790909090909091 0.44391891891891894 0.0027272727272727275 0.005405405405405406
1 0.6643181818181818 0.4523648648648649 0.004090909090909091 0.007432432432432433
1 0.6740909090909091 0.4506756756756757 0.0036363636363636364 0.008108108108108109
1 0.6679545454545455 0.44966216216216215 0.003181818181818182 0.007432432432432433
0 0.6570454545454546 0.4472972972972973 0.003181818181818182 0.006756756756756757
0 0.6647727272727273 0.4452702702702703 0.0022727272727272726 0.005405405405405406
0 0.6481818181818182 0.44425675675675674 0.0027272727272727275 0.00472972972972973
0 0.6113636363636363 0.4489864864864865 0.0027272727272727275 0.007432432432432433
1 0.6084090909090909 0.4503378378378378 0.003181818181818182 0.007432432432432433
1 0.5820454545454545 0.452027027027027 0.003181818181818182 0.008108108108108109
1 0.5395454545454546 0.45472972972972975 0.0036363636363636364 0.008108108108108109
0 0.5654545454545454 0.4506756756756757 0.0027272727272727275 0.006756756756756757
0 0.5352272727272728 0.4527027027027027 0.003181818181818182 0.006756756756756757
1 0.48818181818181816 0.4581081081081081 0.0036363636363636364 0.008108108108108109
1 0.44363636363636366 0.46114864864864863 0.004545454545454545 0.008783783783783784
1 0.35795454545454547 0.46655405405405403 0.004090909090909091 0.010135135135135136
1 0.26886363636363636 0.47094594594594597 0.005909090909090909 0.010810810810810811
1 0.26022727272727275 0.46114864864864863 0.003181818181818182 0.006081081081081081
0 0.27886363636363637 0.4608108108108108 0.003181818181818182 0.006756756756756757
0 0.3009090909090909 0.46621621621621623 0.005454545454545455 0.010810810810810811
0 0.3640909090909091 0.4635135135135135 0.005454545454545455 0.010810810810810811
0 0.19295454545454546 0.46554054054054056 0.004090909090909091 0.008108108108108109
0 0.14659090909090908 0.46824324324324323 0.005 0.008108108108108109
0 0.06886363636363636 0.4743243243243243 0.006818181818181818 0.010810810810810811
0 0.09113636363636364 0.47162162162162163 0.005 0.00945945945945946
0 0.10272727272727272 0.4743243243243243 0.007272727272727273 0.010810810810810811
1 0.08636363636363636 0.4780405405405405 0.006363636363636364 0.011486486486486487
1 0.18659090909090909 0.475 0.005909090909090909 0.010810810810810811
1 0.17681818181818182 0.4652027027027027 0.004545454545454545 0.006081081081081081
1 0.32431818181818184 0.4574324324324324 0.0022727272727272726 0.005405405405405406
0 0.3447727272727273 0.4574324324324324 0.003181818181818182 0.006756756756756757
0 0.3906818181818182 0.45506756756756755 0.003181818181818182 0.006081081081081081
1 0.3693181818181818 0.4554054054054054 0.0022727272727272726 0.005405405405405406
0 0.4343181818181818 0.4594594594594595 0.004090909090909091 0.00945945945945946
0 0.4602272727272727 0.45135135135135135 0.0022727272727272726 0.005405405405405406
1 0.4725 0.45 0.0022727272727272726 0.004054054054054054
1 0.5013636363636363 0.4486486486486487 0.0018181818181818182 0.004054054054054054
1 0.5245454545454545 0.44763513513513514 0.0018181818181818182 0.0033783783783783786
0 0.6959090909090909 0.4469594594594595 0.0036363636363636364 0.007432432432432433
1 0.7129545454545455 0.4445945945945946 0.0022727272727272726 0.004054054054054054
1 0.69 0.44425675675675674 0.0027272727272727275 0.00472972972972973
0 0.7384090909090909 0.4445945945945946 0.003181818181818182 0.006756756756756757
0 0.435 0.4527027027027027 0.0027272727272727275 0.005405405405405406
1 0.44227272727272726 0.4516891891891892 0.0027272727272727275 0.00472972972972973
0 0.49272727272727274 0.45 0.0027272727272727275 0.005405405405405406
0 0.5218181818181818 0.4489864864864865 0.0027272727272727275 0.00472972972972973
0 0.6002272727272727 0.4449324324324324 0.0022727272727272726 0.00472972972972973
0 0.6202272727272727 0.4445945945945946 0.0022727272727272726 0.004054054054054054
1 0.6231818181818182 0.44391891891891894 0.0018181818181818182 0.004054054054054054
0 0.6438636363636364 0.4449324324324324 0.0022727272727272726 0.00472972972972973
0 0.6354545454545455 0.4445945945945946 0.0027272727272727275 0.004054054054054054
1 0.6388636363636364 0.44391891891891894 0.0022727272727272726 0.004054054054054054
1 0.6547727272727273 0.44391891891891894 0.0022727272727272726 0.004054054054054054
1 0.6709090909090909 0.4435810810810811 0.0018181818181818182 0.0033783783783783786
1 0.6806818181818182 0.4445945945945946 0.0022727272727272726 0.005405405405405406
1 0.7440909090909091 0.44391891891891894 0.0027272727272727275 0.005405405405405406
1 0.82 0.44256756756756754 0.0027272727272727275 0.005405405405405406
0 0.8747727272727273 0.44155405405405407 0.0022727272727272726 0.006081081081081081
0 0.548409090909091 0.44763513513513514 0.0022727272727272726 0.00472972972972973
1 0.545 0.4466216216216216 0.0018181818181818182 0.004054054054054054
0 0.5670454545454545 0.4462837837837838 0.0022727272727272726 0.00472972972972973
0 0.5829545454545455 0.44594594594594594 0.0022727272727272726 0.004054054054054054
1 0.5795454545454546 0.4452702702702703 0.0018181818181818182 0.004054054054054054
1 0.5634090909090909 0.44594594594594594 0.0022727272727272726 0.004054054054054054
1 0.6768181818181818 0.44391891891891894 0.0018181818181818182 0.004054054054054054
0 0.18454545454545454 0.47128378378378377 0.005454545454545455 0.011486486486486487
