0 0.8861363636363636 0.7054054054054054 0.09136363636363637 0.12837837837837837
0 0.5656818181818182 0.5209459459459459 0.019545454545454546 0.03648648648648649
0 0.4934090909090909 0.4885135135135135 0.011363636363636364 0.021621621621621623
0 0.48045454545454547 0.4722972972972973 0.008181818181818182 0.016216216216216217
0 0.4904545454545455 0.46418918918918917 0.006363636363636364 0.013513513513513514
0 0.514090909090909 0.4570945945945946 0.005454545454545455 0.010135135135135136
0 0.5404545454545454 0.45337837837837835 0.005454545454545455 0.00945945945945946
0 0.5820454545454545 0.45135135135135135 0.004090909090909091 0.00945945945945946
0 0.6395454545454545 0.4503378378378378 0.004545454545454545 0.008783783783783784
0 0.6997727272727273 0.45135135135135135 0.005 0.00945945945945946
0 0.7436363636363637 0.45337837837837835 0.005454545454545455 0.010810810810810811
0 0.88 0.4577702702702703 0.00909090909090909 0.01418918918918919
1 0.2340909090909091 0.5614864864864865 0.034545454545454546 0.04864864864864865
1 0.31795454545454543 0.5027027027027027 0.01681818181818182 0.02702702702702703
1 0.3418181818181818 0.485472972972973 0.01090909090909091 0.020945945945945947
1 0.37386363636363634 0.4706081081081081 0.007727272727272728 0.01418918918918919
1 0.4075 0.4631756756756757 0.005 0.011486486486486487
1 0.4340909090909091 0.45878378378378376 0.004545454545454545 0.00945945945945946
1 0.47113636363636363 0.4543918918918919 0.004090909090909091 0.008783783783783784
1 0.5006818181818182 0.4516891891891892 0.003181818181818182 0.007432432432432433
1 0.548409090909091 0.44966216216216215 0.003181818181818182 0.007432432432432433
1 0.6038636363636364 0.44797297297297295 0.003181818181818182 0.006756756756756757
1 0.6836363636363636 0.44797297297297295 0.0036363636363636364 0.008108108108108109
1 0.7345454545454545 0.4489864864864865 0.0036363636363636364 0.008783783783783784
1 0.8054545454545454 0.4506756756756757 0.005454545454545455 0.010810810810810811
1 0.6434090909090909 0.44797297297297295 0.003181818181818182 0.006756756756756757
