1 0.20431818181818182 0.5442567567567568 0.031363636363636364 0.04256756756756757
1 0.2625 0.497972972972973 0.015 0.025675675675675677
1 0.28136363636363637 0.4831081081081081 0.01090909090909091 0.01891891891891892
1 0.31022727272727274 0.46925675675675677 0.007727272727272728 0.01418918918918919
1 0.34295454545454546 0.4618243243243243 0.005909090909090909 0.011486486486486487
1 0.36886363636363634 0.4574324324324324 0.004090909090909091 0.00945945945945946
1 0.40545454545454546 0.45304054054054055 0.004545454545454545 0.008783783783783784
1 0.43477272727272726 0.4503378378378378 0.003181818181818182 0.007432432432432433
1 0.4809090909090909 0.44797297297297295 0.0036363636363636364 0.006756756756756757
1 0.5338636363636363 0.4456081081081081 0.003181818181818182 0.007432432432432433
1 0.5704545454545454 0.4452702702702703 0.0036363636363636364 0.006756756756756757
1 0.6072727272727273 0.4452702702702703 0.0036363636363636364 0.008108108108108109
1 0.6513636363636364 0.4456081081081081 0.0036363636363636364 0.007432432432432433
1 0.71 0.4472972972972973 0.005454545454545455 0.00945945945945946
1 0.8175 0.4489864864864865 0.007727272727272728 0.011486486486486487
0 0.6768181818181818 0.5956081081081082 0.04454545454545455 0.0722972972972973
0 0.4918181818181818 0.5060810810810811 0.015454545454545455 0.031081081081081083
0 0.42863636363636365 0.48243243243243245 0.01090909090909091 0.02027027027027027
0 0.4159090909090909 0.4689189189189189 0.007272727272727273 0.014864864864864866
0 0.425 0.46216216216216216 0.006363636363636364 0.013513513513513514
0 0.4475 0.45506756756756755 0.005909090909090909 0.010135135135135136
0 0.4731818181818182 0.4516891891891892 0.004545454545454545 0.008783783783783784
0 0.5129545454545454 0.44932432432432434 0.004090909090909091 0.00945945945945946
0 0.5663636363636364 0.4472972972972973 0.004545454545454545 0.00945945945945946
0 0.6202272727272727 0.4483108108108108 0.005 0.008783783783783784
0 0.6575 0.44932432432432434 0.005 0.00945945945945946
0 0.7647727272727273 0.4527027027027027 0.007727272727272728 0.013513513513513514
0 0.9313636363636364 0.4577702702702703 0.01 0.016891891891891893
