1 0.40454545454545454 0.5317567567567567 0.023636363636363636 0.041891891891891894
1 0.5006818181818182 0.4922297297297297 0.012272727272727272 0.025
1 0.5522727272727272 0.47702702702702704 0.01 0.02027027027027027
1 0.6118181818181818 0.46587837837837837 0.008181818181818182 0.016891891891891893
1 0.6554545454545454 0.4597972972972973 0.005454545454545455 0.012837837837837839
1 0.7284090909090909 0.4560810810810811 0.005909090909090909 0.012162162162162163
1 0.8263636363636364 0.4540540540540541 0.006363636363636364 0.012162162162162163
1 0.9077272727272727 0.4543918918918919 0.008181818181818182 0.01418918918918919
0 0.9320454545454545 0.4614864864864865 0.007727272727272728 0.016216216216216217
0 0.8090909090909091 0.46216216216216216 0.01 0.016216216216216217
0 0.7388636363636364 0.46621621621621623 0.008636363636363636 0.016216216216216217
0 0.7079545454545455 0.4766891891891892 0.014090909090909091 0.020945945945945947
0 0.7061363636363637 0.5097972972972973 0.018636363636363635 0.03445945945945946
0 0.7556818181818182 0.5763513513513514 0.03590909090909091 0.06486486486486487
