1 0.4481818181818182 0.5567567567567567 0.03272727272727273 0.052702702702702706
1 0.668409090909091 0.5168918918918919 0.017727272727272727 0.03513513513513514
1 0.7743181818181818 0.5030405405405406 0.015 0.026351351351351353
1 0.7636363636363637 0.4908783783783784 0.013636363636363636 0.02364864864864865
1 0.6813636363636364 0.4760135135135135 0.00909090909090909 0.016891891891891893
1 0.6420454545454546 0.4668918918918919 0.007727272727272728 0.014864864864864866
1 0.6597727272727273 0.45844594594594595 0.005909090909090909 0.011486486486486487
1 0.7145454545454546 0.4577702702702703 0.005454545454545455 0.010135135135135136
1 0.7811363636363636 0.45844594594594595 0.005 0.010135135135135136
1 0.860909090909091 0.46013513513513515 0.005454545454545455 0.010810810810810811
1 0.6388636363636364 0.4608108108108108 0.005 0.012162162162162163
0 0.8859090909090909 0.48783783783783785 0.013636363636363636 0.022972972972972974
0 0.8720454545454546 0.46385135135135136 0.007727272727272728 0.012837837837837839
0 0.7972727272727272 0.46216216216216216 0.006363636363636364 0.012162162162162163
0 0.7870454545454545 0.47466216216216217 0.009545454545454546 0.016891891891891893
0 0.7372727272727273 0.4668918918918919 0.007272727272727273 0.014864864864864866
0 0.7413636363636363 0.46216216216216216 0.005454545454545455 0.012162162162162163
1 0.08 0.7087837837837838 0.03272727272727273 0.1
