0 0.7618181818181818 0.6074324324324324 0.04909090909090909 0.07567567567567568
0 0.7322727272727273 0.5141891891891892 0.022727272727272728 0.033783783783783786
0 0.6602272727272728 0.4885135135135135 0.012272727272727272 0.022972972972972974
0 0.6231818181818182 0.47331081081081083 0.008181818181818182 0.018243243243243244
1 0.21954545454545454 0.5902027027027027 0.045454545454545456 0.06554054054054054
1 0.4134090909090909 0.5253378378378378 0.019545454545454546 0.038513513513513516
1 0.4565909090909091 0.49763513513513513 0.013181818181818182 0.026351351351351353
1 0.4825 0.4831081081081081 0.009545454545454546 0.02027027027027027
1 0.49318181818181817 0.4739864864864865 0.00909090909090909 0.016891891891891893
1 0.5127272727272727 0.46452702702702703 0.006363636363636364 0.012837837837837839
1 0.5359090909090909 0.46013513513513515 0.005454545454545455 0.012162162162162163
1 0.5556818181818182 0.4577702702702703 0.005 0.010135135135135136
1 0.565 0.45472972972972975 0.004545454545454545 0.010810810810810811
0 0.6259090909090909 0.4652027027027027 0.006363636363636364 0.01418918918918919
0 0.6375 0.46013513513513515 0.005909090909090909 0.012162162162162163
0 0.649090909090909 0.4564189189189189 0.005454545454545455 0.011486486486486487
0 0.644090909090909 0.4527027027027027 0.005454545454545455 0.010810810810810811
0 0.6293181818181818 0.4506756756756757 0.005 0.008108108108108109
0 0.6770454545454545 0.4456081081081081 0.004090909090909091 0.007432432432432433
0 0.7195454545454546 0.4452702702702703 0.0036363636363636364 0.006756756756756757
0 0.7622727272727273 0.4408783783783784 0.0027272727272727275 0.006081081081081081
0 0.793409090909091 0.4408783783783784 0.003181818181818182 0.006081081081081081
0 0.8247727272727273 0.4402027027027027 0.003181818181818182 0.006081081081081081
0 0.865 0.4412162162162162 0.0036363636363636364 0.006756756756756757
0 0.9277272727272727 0.4402027027027027 0.0036363636363636364 0.006081081081081081
1 0.9188636363636363 0.43817567567567567 0.003181818181818182 0.00472972972972973
1 0.8770454545454546 0.4402027027027027 0.0022727272727272726 0.00472972972972973
1 0.8561363636363636 0.43986486486486487 0.003181818181818182 0.005405405405405406
1 0.7795454545454545 0.4402027027027027 0.0027272727272727275 0.00472972972972973
0 0.7452272727272727 0.4445945945945946 0.003181818181818182 0.006756756756756757
0 0.7370454545454546 0.44155405405405407 0.003181818181818182 0.006081081081081081
1 0.7245454545454545 0.4408783783783784 0.0027272727272727275 0.00472972972972973
1 0.7061363636363637 0.44155405405405407 0.0022727272727272726 0.00472972972972973
1 0.6897727272727273 0.4435810810810811 0.003181818181818182 0.006081081081081081
1 0.6945454545454546 0.44324324324324327 0.0027272727272727275 0.005405405405405406
1 0.6627272727272727 0.44391891891891894 0.0027272727272727275 0.006756756756756757
1 0.5954545454545455 0.4449324324324324 0.0027272727272727275 0.006081081081081081
0 0.6245454545454545 0.4452702702702703 0.0027272727272727275 0.006756756756756757
0 0.5806818181818182 0.44594594594594594 0.003181818181818182 0.006756756756756757
0 0.5843181818181818 0.44932432432432434 0.005 0.008108108108108109
0 0.06772727272727273 0.4868243243243243 0.008181818181818182 0.015540540540540541
0 0.10136363636363636 0.46925675675675677 0.006363636363636364 0.010135135135135136
0 0.18636363636363637 0.46385135135135136 0.004545454545454545 0.008783783783783784
1 0.06886363636363636 0.46959459459459457 0.005909090909090909 0.00945945945945946
1 0.155 0.46452702702702703 0.004545454545454545 0.007432432432432433
1 0.22068181818181817 0.4804054054054054 0.008636363636363636 0.014864864864864866
1 0.30613636363636365 0.47195945945945944 0.006818181818181818 0.012837837837837839
1 0.27340909090909093 0.4574324324324324 0.0022727272727272726 0.005405405405405406
1 0.3890909090909091 0.46418918918918917 0.005454545454545455 0.010810810810810811
1 0.4486363636363636 0.4581081081081081 0.0036363636363636364 0.00945945945945946
1 0.4825 0.4554054054054054 0.004090909090909091 0.00945945945945946
1 0.5211363636363636 0.45337837837837835 0.004090909090909091 0.008108108108108109
1 0.5704545454545454 0.4452702702702703 0.0027272727272727275 0.005405405405405406
1 0.2265909090909091 0.4597972972972973 0.003181818181818182 0.006081081081081081
0 0.2586363636363636 0.4597972972972973 0.0036363636363636364 0.007432432432432433
0 0.29659090909090907 0.4570945945945946 0.004090909090909091 0.007432432432432433
0 0.3159090909090909 0.46587837837837837 0.005454545454545455 0.011486486486486487
0 0.34136363636363637 0.4537162162162162 0.0027272727272727275 0.006081081081081081
0 0.3790909090909091 0.45135135135135135 0.0027272727272727275 0.005405405405405406
0 0.38545454545454544 0.4594594594594595 0.0027272727272727275 0.00945945945945946
0 0.4279545454545455 0.45675675675675675 0.004090909090909091 0.008108108108108109
0 0.4118181818181818 0.45 0.0027272727272727275 0.005405405405405406
0 0.5402272727272728 0.4503378378378378 0.003181818181818182 0.008783783783783784
0 0.5447727272727273 0.4466216216216216 0.003181818181818182 0.006756756756756757
1 0.56 0.4452702702702703 0.0018181818181818182 0.004054054054054054
1 0.5472727272727272 0.44391891891891894 0.0018181818181818182 0.004054054054054054
1 0.53 0.44391891891891894 0.0018181818181818182 0.004054054054054054
1 0.5127272727272727 0.44425675675675674 0.0018181818181818182 0.0033783783783783786
0 0.4929545454545455 0.4449324324324324 0.0022727272727272726 0.00472972972972973
0 0.48545454545454547 0.4523648648648649 0.0018181818181818182 0.008783783783783784
0 0.4713636363636364 0.4462837837837838 0.0027272727272727275 0.00472972972972973
0 0.4340909090909091 0.44797297297297295 0.0027272727272727275 0.005405405405405406
1 0.3165909090909091 0.45506756756756755 0.003181818181818182 0.00472972972972973
1 0.35454545454545455 0.4527027027027027 0.0027272727272727275 0.004054054054054054
1 0.38431818181818184 0.4506756756756757 0.0022727272727272726 0.004054054054054054
1 0.40863636363636363 0.44932432432432434 0.0018181818181818182 0.004054054054054054
1 0.43 0.4483108108108108 0.0018181818181818182 0.0033783783783783786
1 0.4486363636363636 0.4472972972972973 0.0018181818181818182 0.004054054054054054
0 0.45204545454545453 0.44763513513513514 0.0022727272727272726 0.00472972972972973
1 0.49613636363636365 0.4445945945945946 0.0022727272727272726 0.004054054054054054
0 0.5095454545454545 0.4449324324324324 0.0027272727272727275 0.00472972972972973
0 0.5215909090909091 0.4466216216216216 0.0022727272727272726 0.005405405405405406
0 0.524090909090909 0.4452702702702703 0.0027272727272727275 0.005405405405405406
1 0.5538636363636363 0.44391891891891894 0.0022727272727272726 0.004054054054054054
1 0.5559090909090909 0.4445945945945946 0.0018181818181818182 0.004054054054054054
1 0.5584090909090909 0.44425675675675674 0.0022727272727272726 0.00472972972972973
1 0.6279545454545454 0.44425675675675674 0.003181818181818182 0.006081081081081081
0 0.740909090909091 0.4429054054054054 0.0027272727272727275 0.006081081081081081
1 0.7495454545454545 0.4408783783783784 0.0027272727272727275 0.00472972972972973
0 0.7472727272727273 0.44391891891891894 0.0027272727272727275 0.005405405405405406
1 0.821590909090909 0.4402027027027027 0.003181818181818182 0.00472972972972973
1 0.6970454545454545 0.44256756756756754 0.0022727272727272726 0.005405405405405406
1 0.5554545454545454 0.45304054054054055 0.005454545454545455 0.010135135135135136
0 0.22 0.47533783783783784 0.01 0.01418918918918919
