2 0.42522727272727273 0.40675675675675677 0.026818181818181817 0.032432432432432434
2 0.7761363636363636 0.3989864864864865 0.031363636363636364 0.029054054054054056
0 0.47545454545454546 0.5108108108108108 0.05272727272727273 0.05
0 0.6584090909090909 0.45135135135135135 0.042272727272727274 0.0445945945945946
0 0.7375 0.4097972972972973 0.026818181818181817 0.04391891891891892
0 0.8561363636363636 0.372972972972973 0.017727272727272727 0.033783783783783786
0 0.8845454545454545 0.3662162162162162 0.01818181818181818 0.024324324324324326
0 0.9177272727272727 0.35202702702702704 0.017272727272727273 0.02702702702702703
1 0.505 0.3902027027027027 0.02181818181818182 0.037162162162162164
1 0.5975 0.37027027027027026 0.017727272727272727 0.031081081081081083
1 0.6561363636363636 0.36283783783783785 0.020454545454545454 0.02027027027027027
1 0.7106818181818182 0.35405405405405405 0.018636363636363635 0.01891891891891892
1 0.8029545454545455 0.38682432432432434 0.025 0.025
