1 0.3940909090909091 0.5675675675675675 0.03363636363636364 0.05675675675675676
1 0.5638636363636363 0.529054054054054 0.022272727272727274 0.03918918918918919
1 0.7345454545454545 0.510472972972973 0.019090909090909092 0.03175675675675676
1 0.92 0.5027027027027027 0.022727272727272728 0.02837837837837838
1 0.9109090909090909 0.46216216216216216 0.005454545454545455 0.010810810810810811
1 0.8852272727272728 0.4591216216216216 0.004090909090909091 0.008783783783783784
1 0.8959090909090909 0.4581081081081081 0.004545454545454545 0.008108108108108109
1 0.8702272727272727 0.46047297297297296 0.005 0.008783783783783784
1 0.8634090909090909 0.4591216216216216 0.004090909090909091 0.008783783783783784
1 0.8540909090909091 0.45675675675675675 0.0036363636363636364 0.006756756756756757
0 0.9320454545454545 0.45844594594594595 0.004090909090909091 0.007432432432432433
0 0.8911363636363636 0.45675675675675675 0.004090909090909091 0.006756756756756757
0 0.9202272727272728 0.45675675675675675 0.003181818181818182 0.006756756756756757
0 0.8606818181818182 0.625 0.04772727272727273 0.08378378378378379
1 0.9045454545454545 0.45844594594594595 0.0036363636363636364 0.007432432432432433
