0 0.9172727272727272 0.43513513513513513 0.03727272727272727 0.05540540540540541
2 0.7845454545454545 0.4209459459459459 0.024545454545454544 0.03918918918918919
0 0.6127272727272727 0.3827702702702703 0.022727272727272728 0.037162162162162164
0 0.5436363636363636 0.37533783783783786 0.022727272727272728 0.02364864864864865
0 0.46136363636363636 0.3587837837837838 0.013636363636363636 0.02837837837837838
1 0.34454545454545454 0.3993243243243243 0.02727272727272727 0.02837837837837838
1 0.4172727272727273 0.42195945945945945 0.022727272727272728 0.03445945945945946
1 0.5147727272727273 0.4483108108108108 0.026818181818181817 0.05472972972972973
1 0.6913636363636364 0.40574324324324323 0.02090909090909091 0.03310810810810811
1 0.7459090909090909 0.5141891891891892 0.05 0.08108108108108109
