1 0.36113636363636364 0.5587837837837838 0.028636363636363637 0.05
1 0.5361363636363636 0.5057432432432433 0.015 0.030405405405405407
1 0.6815909090909091 0.485472972972973 0.010454545454545454 0.0222972972972973
1 0.7675 0.4760135135135135 0.009545454545454546 0.019594594594594596
1 0.8629545454545454 0.4702702702702703 0.009545454545454546 0.016216216216216217
0 0.9 0.5087837837837837 0.025454545454545455 0.033783783783783786
0 0.8331818181818181 0.5375 0.02727272727272727 0.04527027027027027
0 0.855 0.6229729729729729 0.04909090909090909 0.08378378378378379
0 0.8131818181818182 0.452027027027027 0.0036363636363636364 0.008108108108108109
0 0.8725 0.452027027027027 0.004090909090909091 0.008108108108108109
0 0.915 0.44797297297297295 0.0036363636363636364 0.006756756756756757
0 0.8584090909090909 0.4486486486486487 0.003181818181818182 0.006756756756756757
1 0.8638636363636364 0.4527027027027027 0.004090909090909091 0.008108108108108109
1 0.8363636363636363 0.44797297297297295 0.0027272727272727275 0.005405405405405406
1 0.7888636363636363 0.4523648648648649 0.003181818181818182 0.007432432432432433
1 0.7763636363636364 0.4486486486486487 0.0027272727272727275 0.005405405405405406
0 0.7929545454545455 0.44932432432432434 0.003181818181818182 0.006756756756756757
0 0.7320454545454546 0.45135135135135135 0.003181818181818182 0.008108108108108109
1 0.7363636363636363 0.4523648648648649 0.0036363636363636364 0.007432432432432433
0 0.7027272727272728 0.44966216216216215 0.0027272727272727275 0.006081081081081081
0 0.6695454545454546 0.4510135135135135 0.0027272727272727275 0.006081081081081081
1 0.649090909090909 0.4510135135135135 0.0027272727272727275 0.006081081081081081
1 0.6379545454545454 0.44966216216216215 0.0022727272727272726 0.00472972972972973
1 0.6275 0.45 0.0022727272727272726 0.005405405405405406
1 0.625 0.4510135135135135 0.0027272727272727275 0.006081081081081081
1 0.6847727272727273 0.4516891891891892 0.0022727272727272726 0.006081081081081081
0 0.6877272727272727 0.4510135135135135 0.0027272727272727275 0.007432432432432433
1 0.8881818181818182 0.4483108108108108 0.0036363636363636364 0.007432432432432433
1 0.7172727272727273 0.4489864864864865 0.0027272727272727275 0.006081081081081081
1 0.6527272727272727 0.44966216216216215 0.0027272727272727275 0.006081081081081081
1 0.6779545454545455 0.44932432432432434 0.0022727272727272726 0.006756756756756757
0 0.6761363636363636 0.44932432432432434 0.003181818181818182 0.006756756756756757
0 0.7293181818181819 0.4489864864864865 0.003181818181818182 0.007432432432432433
