0 0.9070454545454546 0.7135135135135136 0.05863636363636364 0.12567567567567567
0 0.9206818181818182 0.46959459459459457 0.009545454545454546 0.016216216216216217
0 0.9309090909090909 0.46554054054054056 0.00909090909090909 0.014864864864864866
1 0.42318181818181816 0.5587837837837838 0.02727272727272727 0.052702702702702706
1 0.605 0.5202702702702703 0.02181818181818182 0.03648648648648649
1 0.8002272727272727 0.5074324324324324 0.017727272727272727 0.032432432432432434
1 0.8390909090909091 0.4766891891891892 0.01090909090909091 0.018243243243243244
1 0.7975 0.4668918918918919 0.007727272727272728 0.013513513513513514
1 0.8256818181818182 0.4591216216216216 0.005909090909090909 0.011486486486486487
1 0.8997727272727273 0.46013513513513515 0.006818181818181818 0.010810810810810811
1 0.9281818181818182 0.5013513513513513 0.016363636363636365 0.02702702702702703
1 0.9277272727272727 0.4922297297297297 0.014545454545454545 0.025
1 0.7986363636363636 0.46216216216216216 0.008181818181818182 0.013513513513513514
