1 0.4381818181818182 0.5320945945945946 0.025454545454545455 0.04256756756756757
1 0.5281818181818182 0.4905405405405405 0.012727272727272728 0.024324324324324326
1 0.6120454545454546 0.47331081081081083 0.010454545454545454 0.018243243243243244
1 0.7143181818181819 0.46655405405405403 0.008636363636363636 0.016891891891891893
1 0.8193181818181818 0.4635135135135135 0.009545454545454546 0.016216216216216217
1 0.9197727272727273 0.4614864864864865 0.010454545454545454 0.016216216216216217
0 0.928409090909091 0.4766891891891892 0.015909090909090907 0.0222972972972973
0 0.7968181818181819 0.48412162162162165 0.017272727272727273 0.025
0 0.7356818181818182 0.5006756756756757 0.01681818181818182 0.031081081081081083
0 0.7820454545454546 0.5523648648648649 0.03318181818181818 0.05202702702702703
