0 0.8363636363636363 0.5570945945945946 0.035454545454545454 0.05472972972972973
0 0.6193181818181818 0.5050675675675675 0.015909090909090907 0.03175675675675676
0 0.4768181818181818 0.47128378378378377 0.00909090909090909 0.019594594594594596
0 0.42477272727272725 0.46047297297297296 0.006818181818181818 0.01418918918918919
0 0.4025 0.4564189189189189 0.005 0.011486486486486487
0 0.38977272727272727 0.45337837837837835 0.004090909090909091 0.010810810810810811
0 0.36886363636363634 0.4486486486486487 0.004090909090909091 0.00945945945945946
0 0.3613636363636364 0.4469594594594595 0.0036363636363636364 0.008783783783783784
0 0.35613636363636364 0.4456081081081081 0.003181818181818182 0.008783783783783784
3 0.3538636363636364 0.4429054054054054 0.003181818181818182 0.011486486486486487
3 0.30863636363636365 0.44391891891891894 0.0027272727272727275 0.010810810810810811
1 0.3140909090909091 0.4435810810810811 0.0027272727272727275 0.006081081081081081
1 0.3256818181818182 0.44155405405405407 0.0022727272727272726 0.006081081081081081
1 0.3390909090909091 0.4408783783783784 0.0018181818181818182 0.00472972972972973
1 0.30886363636363634 0.4472972972972973 0.003181818181818182 0.008108108108108109
1 0.31 0.44966216216216215 0.0027272727272727275 0.008783783783783784
1 0.31272727272727274 0.4523648648648649 0.0036363636363636364 0.008783783783783784
1 0.31636363636363635 0.4557432432432432 0.004545454545454545 0.010135135135135136
1 0.32181818181818184 0.4608108108108108 0.006363636363636364 0.012162162162162163
1 0.33090909090909093 0.4689189189189189 0.007272727272727273 0.016216216216216217
1 0.3502272727272727 0.4875 0.012272727272727272 0.0222972972972973
1 0.38136363636363635 0.535472972972973 0.024545454545454544 0.04391891891891892
1 0.2843181818181818 0.6699324324324324 0.065 0.10743243243243243
0 0.6181818181818182 0.43885135135135134 0.0027272727272727275 0.006081081081081081
0 0.6509090909090909 0.43885135135135134 0.0027272727272727275 0.006081081081081081
0 0.5245454545454545 0.43682432432432433 0.0027272727272727275 0.006081081081081081
0 0.5477272727272727 0.43783783783783786 0.0027272727272727275 0.005405405405405406
0 0.5670454545454545 0.43783783783783786 0.0022727272727272726 0.005405405405405406
0 0.36954545454545457 0.43986486486486487 0.0027272727272727275 0.005405405405405406
0 0.38795454545454544 0.43986486486486487 0.0022727272727272726 0.005405405405405406
0 0.4147727272727273 0.43885135135135134 0.0022727272727272726 0.00472972972972973
0 0.43704545454545457 0.43851351351351353 0.0022727272727272726 0.004054054054054054
0 0.4590909090909091 0.43783783783783786 0.0018181818181818182 0.005405405405405406
0 0.4793181818181818 0.43783783783783786 0.0022727272727272726 0.004054054054054054
1 0.4652272727272727 0.4375 0.0022727272727272726 0.00472972972972973
1 0.4934090909090909 0.43716216216216214 0.0022727272727272726 0.004054054054054054
0 0.4979545454545454 0.43682432432432433 0.0022727272727272726 0.00472972972972973
1 0.5165909090909091 0.43682432432432433 0.0022727272727272726 0.00472972972972973
1 0.5429545454545455 0.43682432432432433 0.0022727272727272726 0.00472972972972973
1 0.5652272727272727 0.43682432432432433 0.0022727272727272726 0.00472972972972973
0 0.59 0.4391891891891892 0.0027272727272727275 0.005405405405405406
1 0.6061363636363636 0.43716216216216214 0.0022727272727272726 0.004054054054054054
1 0.6263636363636363 0.4375 0.0027272727272727275 0.00472972972972973
1 0.6472727272727272 0.43783783783783786 0.0027272727272727275 0.005405405405405406
1 0.6709090909090909 0.43783783783783786 0.0027272727272727275 0.005405405405405406
0 0.6843181818181818 0.4391891891891892 0.003181818181818182 0.006756756756756757
0 0.695 0.4375 0.0027272727272727275 0.006081081081081081
0 0.7106818181818182 0.4402027027027027 0.003181818181818182 0.006081081081081081
0 0.7206818181818182 0.43783783783783786 0.0022727272727272726 0.005405405405405406
0 0.7372727272727273 0.4408783783783784 0.0036363636363636364 0.007432432432432433
1 0.7318181818181818 0.43851351351351353 0.0027272727272727275 0.005405405405405406
1 0.7077272727272728 0.43885135135135134 0.0027272727272727275 0.00472972972972973
1 0.7402272727272727 0.43817567567567567 0.0022727272727272726 0.00472972972972973
1 0.7597727272727273 0.43851351351351353 0.0022727272727272726 0.004054054054054054
1 0.7629545454545454 0.43885135135135134 0.0022727272727272726 0.00472972972972973
1 0.7786363636363637 0.439527027027027 0.0027272727272727275 0.006081081081081081
0 0.7806818181818181 0.4412162162162162 0.004090909090909091 0.006756756756756757
1 0.7986363636363636 0.439527027027027 0.0027272727272727275 0.006081081081081081
1 0.8109090909090909 0.4391891891891892 0.0036363636363636364 0.006756756756756757
1 0.8334090909090909 0.439527027027027 0.003181818181818182 0.006081081081081081
0 0.8286363636363636 0.4408783783783784 0.004545454545454545 0.007432432432432433
0 0.8188636363636363 0.43885135135135134 0.003181818181818182 0.006081081081081081
0 0.8238636363636364 0.43851351351351353 0.003181818181818182 0.006756756756756757
1 0.8372727272727273 0.4391891891891892 0.0027272727272727275 0.005405405405405406
0 0.8568181818181818 0.43986486486486487 0.0036363636363636364 0.006756756756756757
0 0.8706818181818182 0.439527027027027 0.003181818181818182 0.006081081081081081
0 0.8845454545454545 0.43986486486486487 0.004545454545454545 0.008108108108108109
0 0.9006818181818181 0.4391891891891892 0.005 0.008108108108108109
1 0.8886363636363637 0.439527027027027 0.0027272727272727275 0.00472972972972973
0 0.9197727272727273 0.439527027027027 0.003181818181818182 0.006081081081081081
1 0.7920454545454545 0.43851351351351353 0.0022727272727272726 0.004054054054054054
1 0.6756818181818182 0.43682432432432433 0.0022727272727272726 0.00472972972972973
