1 0.22295454545454546 0.5939189189189189 0.038636363636363635 0.06891891891891892
1 0.08272727272727273 0.46959459459459457 0.01 0.014864864864864866
1 0.10931818181818181 0.46756756756756757 0.007727272727272728 0.012162162162162163
1 0.09431818181818181 0.4635135135135135 0.005909090909090909 0.00945945945945946
1 0.08977272727272727 0.4614864864864865 0.005 0.010810810810810811
1 0.11181818181818182 0.4581081081081081 0.005454545454545455 0.00945945945945946
1 0.14954545454545454 0.4554054054054054 0.005454545454545455 0.00945945945945946
1 0.20772727272727273 0.45337837837837835 0.0036363636363636364 0.008108108108108109
1 0.26181818181818184 0.45135135135135135 0.004545454545454545 0.008108108108108109
1 0.3118181818181818 0.44966216216216215 0.0036363636363636364 0.007432432432432433
1 0.36227272727272725 0.4486486486486487 0.0036363636363636364 0.006756756756756757
1 0.3993181818181818 0.4486486486486487 0.004090909090909091 0.008108108108108109
1 0.425 0.4489864864864865 0.0036363636363636364 0.007432432432432433
1 0.45022727272727275 0.45 0.004090909090909091 0.008108108108108109
1 0.4890909090909091 0.44966216216216215 0.0018181818181818182 0.007432432432432433
1 0.5606818181818182 0.4483108108108108 0.003181818181818182 0.007432432432432433
1 0.6372727272727273 0.4469594594594595 0.004545454545454545 0.008783783783783784
1 0.7679545454545454 0.4456081081081081 0.003181818181818182 0.007432432432432433
1 0.8361363636363637 0.44391891891891894 0.005 0.00945945945945946
0 0.6013636363636363 0.5283783783783784 0.02090909090909091 0.03918918918918919
0 0.44022727272727274 0.5081081081081081 0.018636363636363635 0.031081081081081083
0 0.2975 0.5070945945945946 0.018636363636363635 0.029054054054054056
0 0.09545454545454546 0.5131756756756757 0.023636363636363636 0.03175675675675676
0 0.09477272727272727 0.4760135135135135 0.013181818181818182 0.016891891891891893
0 0.19022727272727272 0.46824324324324323 0.008636363636363636 0.014864864864864866
0 0.2215909090909091 0.46452702702702703 0.006818181818181818 0.011486486486486487
0 0.2059090909090909 0.46283783783783783 0.007272727272727273 0.010810810810810811
0 0.19 0.4591216216216216 0.005454545454545455 0.010135135135135136
0 0.205 0.45506756756756755 0.004545454545454545 0.008783783783783784
0 0.18022727272727274 0.4574324324324324 0.005909090909090909 0.010810810810810811
0 0.25272727272727274 0.45304054054054055 0.005454545454545455 0.008783783783783784
0 0.2988636363636364 0.4516891891891892 0.004090909090909091 0.008783783783783784
0 0.3443181818181818 0.4503378378378378 0.004090909090909091 0.008783783783783784
0 0.3775 0.4510135135135135 0.004090909090909091 0.008783783783783784
0 0.39636363636363636 0.4516891891891892 0.004545454545454545 0.010135135135135136
0 0.4381818181818182 0.4523648648648649 0.004545454545454545 0.010135135135135136
0 0.4915909090909091 0.45135135135135135 0.004090909090909091 0.00945945945945946
0 0.5906818181818182 0.44932432432432434 0.005 0.00945945945945946
0 0.6786363636363636 0.4483108108108108 0.004545454545454545 0.010135135135135136
0 0.7447727272727273 0.4483108108108108 0.005 0.008783783783783784
0 0.7938636363636363 0.4472972972972973 0.004090909090909091 0.00945945945945946
0 0.9068181818181819 0.44425675675675674 0.005454545454545455 0.010135135135135136
1 0.09272727272727273 0.8003378378378379 0.05818181818181818 0.15878378378378377
0 0.9052272727272728 0.6138513513513514 0.06227272727272727 0.08175675675675675
1 0.8875 0.44256756756756754 0.005 0.00945945945945946
