1 0.3584090909090909 0.522972972972973 0.023181818181818182 0.03783783783783784
1 0.43727272727272726 0.48412162162162165 0.012727272727272728 0.020945945945945947
1 0.4656818181818182 0.46621621621621623 0.007727272727272728 0.014864864864864866
1 0.475 0.4577702702702703 0.005454545454545455 0.011486486486486487
1 0.48568181818181816 0.45304054054054055 0.005 0.010135135135135136
1 0.49386363636363634 0.44932432432432434 0.005909090909090909 0.00945945945945946
1 0.5131818181818182 0.4472972972972973 0.004545454545454545 0.008108108108108109
0 0.6690909090909091 0.5310810810810811 0.02181818181818182 0.041891891891891894
0 0.6 0.48243243243243245 0.01090909090909091 0.022972972972972974
0 0.5736363636363636 0.46587837837837837 0.006363636363636364 0.01418918918918919
0 0.5590909090909091 0.4564189189189189 0.005454545454545455 0.011486486486486487
0 0.5786363636363636 0.4469594594594595 0.004545454545454545 0.008783783783783784
1 0.7784090909090909 0.4466216216216216 0.005 0.00945945945945946
1 0.8288636363636364 0.4469594594594595 0.005 0.010135135135135136
0 0.8706818181818182 0.4523648648648649 0.006818181818181818 0.011486486486486487
0 0.7909090909090909 0.44932432432432434 0.006363636363636364 0.010810810810810811
0 0.7338636363636364 0.44797297297297295 0.005 0.00945945945945946
0 0.615909090909091 0.44594594594594594 0.0036363636363636364 0.00945945945945946
1 0.5481818181818182 0.4452702702702703 0.0036363636363636364 0.008108108108108109
1 0.5872727272727273 0.4449324324324324 0.0036363636363636364 0.007432432432432433
1 0.6222727272727273 0.44425675675675674 0.0036363636363636364 0.007432432432432433
1 0.7263636363636363 0.4456081081081081 0.004545454545454545 0.007432432432432433
1 0.8859090909090909 0.4486486486486487 0.005454545454545455 0.00945945945945946
0 0.9163636363636364 0.7297297297297297 0.03909090909090909 0.0972972972972973
0 0.6697727272727273 0.4469594594594595 0.004090909090909091 0.007432432432432433
1 0.6679545454545455 0.4445945945945946 0.0022727272727272726 0.006756756756756757
0 0.5570454545454545 0.4523648648648649 0.0022727272727272726 0.006081081081081081
0 0.5554545454545454 0.4489864864864865 0.0018181818181818182 0.007432432432432433
