1 0.18863636363636363 0.6895270270270271 0.07090909090909091 0.11418918918918919
1 0.2356818181818182 0.5540540540540541 0.02772727272727273 0.04864864864864865
1 0.2134090909090909 0.5226351351351352 0.018636363636363635 0.03175675675675676
1 0.1625 0.5131756756756757 0.01681818181818182 0.027702702702702704
1 0.06727272727272728 0.47364864864864864 0.006363636363636364 0.00945945945945946
1 0.10863636363636364 0.4726351351351351 0.005454545454545455 0.008783783783783784
1 0.14636363636363636 0.47128378378378377 0.005454545454545455 0.008783783783783784
1 0.1975 0.46925675675675677 0.005 0.008783783783783784
1 0.2756818181818182 0.4648648648648649 0.004090909090909091 0.008108108108108109
1 0.3463636363636364 0.4608108108108108 0.0036363636363636364 0.006756756756756757
1 0.44636363636363635 0.4557432432432432 0.0036363636363636364 0.007432432432432433
1 0.4893181818181818 0.45337837837837835 0.003181818181818182 0.006756756756756757
1 0.5181818181818182 0.4516891891891892 0.0027272727272727275 0.006081081081081081
1 0.9181818181818182 0.46452702702702703 0.011818181818181818 0.018243243243243244
1 0.8956818181818181 0.4608108108108108 0.010454545454545454 0.016216216216216217
1 0.9113636363636364 0.4570945945945946 0.008181818181818182 0.01418918918918919
1 0.9293181818181818 0.4402027027027027 0.004090909090909091 0.006081081081081081
1 0.913409090909091 0.4391891891891892 0.004090909090909091 0.006756756756756757
1 0.895 0.4391891891891892 0.0036363636363636364 0.006756756756756757
0 0.7047727272727272 0.5608108108108109 0.03227272727272727 0.05810810810810811
0 0.5238636363636363 0.5064189189189189 0.018636363636363635 0.03175675675675676
0 0.425 0.4902027027027027 0.01090909090909091 0.0222972972972973
0 0.3290909090909091 0.4888513513513513 0.01090909090909091 0.019594594594594596
0 0.22340909090909092 0.4922297297297297 0.012272727272727272 0.019594594594594596
0 0.09977272727272728 0.5006756756756757 0.015909090909090907 0.022972972972972974
0 0.07477272727272727 0.47635135135135137 0.006818181818181818 0.010810810810810811
0 0.13727272727272727 0.4739864864864865 0.007272727272727273 0.010135135135135136
0 0.20363636363636364 0.4706081081081081 0.005454545454545455 0.010135135135135136
0 0.30568181818181817 0.46385135135135136 0.005 0.008783783783783784
0 0.37977272727272726 0.4597972972972973 0.004090909090909091 0.008783783783783784
0 0.4288636363636364 0.4577702702702703 0.004090909090909091 0.007432432432432433
0 0.46136363636363636 0.4560810810810811 0.0036363636363636364 0.008108108108108109
0 0.5259090909090909 0.4523648648648649 0.0036363636363636364 0.006081081081081081
0 0.5547727272727273 0.4503378378378378 0.003181818181818182 0.006081081081081081
0 0.5811363636363637 0.45 0.003181818181818182 0.005405405405405406
3 0.5995454545454545 0.4469594594594595 0.0036363636363636364 0.008783783783783784
3 0.5786363636363636 0.4472972972972973 0.0027272727272727275 0.008108108108108109
0 0.8231818181818182 0.4760135135135135 0.012727272727272728 0.0222972972972973
0 0.7352272727272727 0.46790540540540543 0.009545454545454546 0.016891891891891893
0 0.7438636363636364 0.46283783783783783 0.007727272727272728 0.014864864864864866
0 0.7702272727272728 0.45844594594594595 0.008636363636363636 0.01418918918918919
0 0.8059090909090909 0.4560810810810811 0.007272727272727273 0.012162162162162163
0 0.8354545454545454 0.45304054054054055 0.006363636363636364 0.011486486486486487
0 0.8552272727272727 0.44932432432432434 0.005 0.00945945945945946
0 0.8502272727272727 0.44797297297297295 0.004090909090909091 0.008108108108108109
0 0.8447727272727272 0.4466216216216216 0.004090909090909091 0.008108108108108109
0 0.8704545454545455 0.4435810810810811 0.004545454545454545 0.008783783783783784
0 0.8661363636363636 0.44256756756756754 0.004090909090909091 0.00945945945945946
0 0.8620454545454546 0.44155405405405407 0.003181818181818182 0.007432432432432433
1 0.5490909090909091 0.44966216216216215 0.0027272727272727275 0.006081081081081081
