0 0.9163636363636364 0.6679054054054054 0.03909090909090909 0.10337837837837838
0 0.8072727272727273 0.5513513513513514 0.03272727272727273 0.04864864864864865
0 0.7918181818181819 0.5016891891891891 0.02 0.029054054054054056
0 0.7997727272727273 0.4858108108108108 0.009545454545454546 0.021621621621621623
0 0.8031818181818182 0.47702702702702704 0.004545454545454545 0.01756756756756757
0 0.8615909090909091 0.47094594594594597 0.010454545454545454 0.016216216216216217
0 0.8515909090909091 0.46452702702702703 0.007727272727272728 0.012837837837837839
0 0.8468181818181818 0.46047297297297296 0.005454545454545455 0.011486486486486487
0 0.8675 0.4574324324324324 0.005909090909090909 0.010810810810810811
0 0.8906818181818181 0.4554054054054054 0.005909090909090909 0.00945945945945946
0 0.913409090909091 0.4540540540540541 0.005909090909090909 0.00945945945945946
0 0.9190909090909091 0.4523648648648649 0.005454545454545455 0.008783783783783784
0 0.9254545454545454 0.4466216216216216 0.0036363636363636364 0.006756756756756757
0 0.9095454545454545 0.4506756756756757 0.004545454545454545 0.008108108108108109
1 0.3209090909090909 0.5993243243243244 0.04454545454545455 0.06891891891891892
1 0.4893181818181818 0.5202702702702703 0.018636363636363635 0.03513513513513514
1 0.581590909090909 0.4912162162162162 0.010454545454545454 0.021621621621621623
1 0.6306818181818182 0.47905405405405405 0.008636363636363636 0.01756756756756757
1 0.6547727272727273 0.4706081081081081 0.006818181818181818 0.015540540540540541
1 0.7045454545454546 0.4668918918918919 0.007272727272727273 0.013513513513513514
1 0.7252272727272727 0.4635135135135135 0.006818181818181818 0.012162162162162163
1 0.7422727272727273 0.4608108108108108 0.005454545454545455 0.010810810810810811
1 0.7531818181818182 0.45844594594594595 0.005454545454545455 0.010135135135135136
1 0.7734090909090909 0.4554054054054054 0.005 0.00945945945945946
1 0.793409090909091 0.4516891891891892 0.003181818181818182 0.006081081081081081
1 0.7965909090909091 0.4543918918918919 0.005 0.008783783783783784
1 0.8179545454545455 0.45304054054054055 0.004090909090909091 0.008783783783783784
1 0.8309090909090909 0.452027027027027 0.0036363636363636364 0.008108108108108109
1 0.8259090909090909 0.4506756756756757 0.0036363636363636364 0.008108108108108109
1 0.8943181818181818 0.4462837837837838 0.003181818181818182 0.006081081081081081
0 0.8636363636363636 0.4483108108108108 0.0036363636363636364 0.007432432432432433
0 0.8711363636363636 0.4472972972972973 0.003181818181818182 0.006756756756756757
1 0.27454545454545454 0.4652027027027027 0.0036363636363636364 0.007432432432432433
1 0.27954545454545454 0.46385135135135136 0.0036363636363636364 0.007432432432432433
1 0.2943181818181818 0.4625 0.003181818181818182 0.006081081081081081
1 0.3059090909090909 0.4648648648648649 0.0036363636363636364 0.008108108108108109
1 0.3513636363636364 0.46418918918918917 0.0036363636363636364 0.008108108108108109
1 0.31363636363636366 0.4614864864864865 0.0027272727272727275 0.005405405405405406
0 0.33340909090909093 0.46283783783783783 0.003181818181818182 0.006756756756756757
0 0.3422727272727273 0.46114864864864863 0.0027272727272727275 0.007432432432432433
0 0.35545454545454547 0.4635135135135135 0.0027272727272727275 0.006756756756756757
0 0.37227272727272726 0.46013513513513515 0.0036363636363636364 0.006756756756756757
0 0.405 0.4618243243243243 0.0036363636363636364 0.007432432432432433
0 0.4006818181818182 0.45878378378378376 0.003181818181818182 0.006756756756756757
0 0.4590909090909091 0.4557432432432432 0.0027272727272727275 0.006081081081081081
1 0.41045454545454546 0.4635135135135135 0.0027272727272727275 0.008108108108108109
1 0.4636363636363636 0.4618243243243243 0.0027272727272727275 0.007432432432432433
1 0.5281818181818182 0.46013513513513515 0.0036363636363636364 0.008108108108108109
0 0.48318181818181816 0.4594594594594595 0.0036363636363636364 0.008108108108108109
0 0.5309090909090909 0.45878378378378376 0.0027272727272727275 0.006756756756756757
0 0.5893181818181819 0.4570945945945946 0.003181818181818182 0.007432432432432433
1 0.5975 0.4574324324324324 0.003181818181818182 0.008108108108108109
1 0.6372727272727273 0.4564189189189189 0.0036363636363636364 0.007432432432432433
1 0.6861363636363637 0.45472972972972975 0.003181818181818182 0.008108108108108109
0 0.7140909090909091 0.4523648648648649 0.0027272727272727275 0.006081081081081081
1 0.34454545454545454 0.46047297297297296 0.0027272727272727275 0.00472972972972973
1 0.3881818181818182 0.45878378378378376 0.0027272727272727275 0.005405405405405406
1 0.4445454545454545 0.4564189189189189 0.0027272727272727275 0.00472972972972973
1 0.4929545454545455 0.45472972972972975 0.0022727272727272726 0.004054054054054054
1 0.5102272727272728 0.45472972972972975 0.003181818181818182 0.005405405405405406
0 0.5486363636363636 0.45337837837837835 0.0027272727272727275 0.005405405405405406
1 0.5295454545454545 0.4540540540540541 0.0018181818181818182 0.005405405405405406
1 0.5943181818181819 0.45135135135135135 0.0022727272727272726 0.004054054054054054
1 0.6234090909090909 0.4510135135135135 0.0022727272727272726 0.00472972972972973
0 0.6115909090909091 0.45135135135135135 0.0022727272727272726 0.005405405405405406
0 0.6427272727272727 0.4503378378378378 0.0027272727272727275 0.00472972972972973
1 0.6515909090909091 0.45 0.0022727272727272726 0.004054054054054054
1 0.6761363636363636 0.4489864864864865 0.0022727272727272726 0.00472972972972973
0 0.6720454545454545 0.44966216216216215 0.0022727272727272726 0.00472972972972973
0 0.6829545454545455 0.45304054054054055 0.003181818181818182 0.007432432432432433
0 0.7002272727272727 0.4489864864864865 0.0022727272727272726 0.00472972972972973
1 0.6970454545454545 0.44797297297297295 0.0022727272727272726 0.004054054054054054
1 0.73 0.4527027027027027 0.0036363636363636364 0.006756756756756757
1 0.7356818181818182 0.4472972972972973 0.0022727272727272726 0.004054054054054054
0 0.7388636363636364 0.44797297297297295 0.0022727272727272726 0.005405405405405406
0 0.7211363636363637 0.44797297297297295 0.0022727272727272726 0.005405405405405406
1 0.7170454545454545 0.44797297297297295 0.0022727272727272726 0.004054054054054054
1 0.7586363636363637 0.4523648648648649 0.0036363636363636364 0.006081081081081081
1 0.7861363636363636 0.4462837837837838 0.0022727272727272726 0.00472972972972973
1 0.8047727272727273 0.44594594594594594 0.0022727272727272726 0.004054054054054054
0 0.7997727272727273 0.4466216216216216 0.0022727272727272726 0.004054054054054054
0 0.8084090909090909 0.4472972972972973 0.003181818181818182 0.005405405405405406
0 0.8134090909090909 0.4472972972972973 0.0022727272727272726 0.005405405405405406
0 0.8163636363636364 0.44797297297297295 0.0018181818181818182 0.006756756756756757
1 0.8536363636363636 0.4472972972972973 0.0027272727272727275 0.005405405405405406
1 0.8445454545454546 0.4462837837837838 0.0027272727272727275 0.00472972972972973
0 0.7636363636363637 0.4506756756756757 0.0036363636363636364 0.006756756756756757
0 0.7822727272727272 0.4462837837837838 0.0027272727272727275 0.00472972972972973
