0 0.7134090909090909 0.4810810810810811 0.012272727272727272 0.022972972972972974
0 0.7736363636363637 0.4722972972972973 0.012727272727272728 0.01891891891891892
0 0.8902272727272728 0.46824324324324323 0.011363636363636364 0.01891891891891892
0 0.7134090909090909 0.5047297297297297 0.01681818181818182 0.02972972972972973
0 0.7909090909090909 0.5756756756756757 0.04090909090909091 0.062162162162162166
1 0.3765909090909091 0.5527027027027027 0.030454545454545453 0.05
1 0.49954545454545457 0.49425675675675673 0.014545454545454545 0.026351351351351353
1 0.5615909090909091 0.4743243243243243 0.009545454545454546 0.01891891891891892
1 0.6313636363636363 0.46452702702702703 0.008181818181818182 0.015540540540540541
1 0.7213636363636363 0.46013513513513515 0.007272727272727273 0.013513513513513514
1 0.8156818181818182 0.45844594594594595 0.007727272727272728 0.01418918918918919
1 0.91 0.4581081081081081 0.00909090909090909 0.013513513513513514
