0 0.7413636363636363 0.5746621621621621 0.034545454545454546 0.06148648648648649
0 0.6243181818181818 0.4929054054054054 0.012272727272727272 0.025
0 0.5984090909090909 0.4760135135135135 0.009545454545454546 0.018243243243243244
0 0.5822727272727273 0.46385135135135136 0.007272727272727273 0.012837837837837839
0 0.5722727272727273 0.4574324324324324 0.005454545454545455 0.010810810810810811
1 0.5036363636363637 0.4523648648648649 0.004545454545454545 0.008783783783783784
1 0.4990909090909091 0.45675675675675675 0.005454545454545455 0.010810810810810811
1 0.48545454545454547 0.46385135135135136 0.006363636363636364 0.011486486486486487
1 0.4581818181818182 0.4743243243243243 0.008181818181818182 0.01756756756756757
1 0.4293181818181818 0.49425675675675673 0.014090909090909091 0.026351351351351353
1 0.5104545454545455 0.44966216216216215 0.004545454545454545 0.008783783783783784
1 0.31545454545454543 0.5695945945945946 0.03363636363636364 0.05810810810810811
1 0.9231818181818182 0.44932432432432434 0.004545454545454545 0.00945945945945946
1 0.8672727272727273 0.4489864864864865 0.004545454545454545 0.008783783783783784
1 0.8229545454545455 0.44797297297297295 0.004090909090909091 0.008108108108108109
1 0.7836363636363637 0.4469594594594595 0.0036363636363636364 0.007432432432432433
1 0.6229545454545454 0.4452702702702703 0.0022727272727272726 0.005405405405405406
1 0.5161363636363636 0.44763513513513514 0.003181818181818182 0.007432432432432433
1 0.5318181818181819 0.4462837837837838 0.0036363636363636364 0.007432432432432433
1 0.5606818181818182 0.4452702702702703 0.003181818181818182 0.006756756756756757
0 0.5847727272727272 0.44594594594594594 0.003181818181818182 0.006756756756756757
0 0.6590909090909091 0.44594594594594594 0.0036363636363636364 0.006756756756756757
0 0.7493181818181818 0.4483108108108108 0.004090909090909091 0.008783783783783784
0 0.8011363636363636 0.4503378378378378 0.005 0.008783783783783784
0 0.8536363636363636 0.4510135135135135 0.006363636363636364 0.010135135135135136
1 0.5943181818181819 0.4445945945945946 0.0022727272727272726 0.005405405405405406
0 0.5656818181818182 0.4527027027027027 0.004090909090909091 0.006756756756756757
0 0.5670454545454545 0.4489864864864865 0.0022727272727272726 0.006081081081081081
0 0.6161363636363636 0.44594594594594594 0.003181818181818182 0.006756756756756757
1 0.6618181818181819 0.4445945945945946 0.0027272727272727275 0.006756756756756757
1 0.7072727272727273 0.4456081081081081 0.0018181818181818182 0.006081081081081081
0 0.7093181818181818 0.4472972972972973 0.003181818181818182 0.006756756756756757
1 0.7468181818181818 0.4466216216216216 0.0027272727272727275 0.006756756756756757
