1 0.33045454545454545 0.5679054054054054 0.03363636363636364 0.057432432432432436
1 0.3156818181818182 0.4966216216216216 0.014090909090909091 0.02702702702702703
1 0.30272727272727273 0.47364864864864864 0.00909090909090909 0.016216216216216217
1 0.29772727272727273 0.46452702702702703 0.004545454545454545 0.011486486486486487
1 0.29409090909090907 0.4591216216216216 0.0036363636363636364 0.010135135135135136
3 0.2913636363636364 0.4449324324324324 0.0027272727272727275 0.010135135135135136
0 0.6295454545454545 0.5199324324324325 0.02090909090909091 0.038513513513513516
0 0.46295454545454545 0.4760135135135135 0.010454545454545454 0.020945945945945947
0 0.4077272727272727 0.4631756756756757 0.007272727272727273 0.01418918918918919
0 0.38522727272727275 0.45844594594594595 0.005909090909090909 0.012837837837837839
0 0.3729545454545454 0.4554054054054054 0.005 0.010810810810810811
0 0.35295454545454547 0.4503378378378378 0.005 0.008783783783783784
0 0.3456818181818182 0.4483108108108108 0.004090909090909091 0.008783783783783784
0 0.3411363636363636 0.4469594594594595 0.0022727272727272726 0.006081081081081081
3 0.3377272727272727 0.4435810810810811 0.0036363636363636364 0.010135135135135136
0 0.8852272727272728 0.4391891891891892 0.004090909090909091 0.008108108108108109
0 0.8281818181818181 0.44054054054054054 0.0036363636363636364 0.006756756756756757
0 0.8538636363636364 0.4391891891891892 0.003181818181818182 0.006756756756756757
0 0.8202272727272727 0.43885135135135134 0.003181818181818182 0.006081081081081081
0 0.7795454545454545 0.4408783783783784 0.0027272727272727275 0.007432432432432433
0 0.7343181818181819 0.4402027027027027 0.003181818181818182 0.007432432432432433
0 0.7070454545454545 0.439527027027027 0.0022727272727272726 0.007432432432432433
0 0.6115909090909091 0.43885135135135134 0.0022727272727272726 0.006081081081081081
0 0.6454545454545455 0.43885135135135134 0.0027272727272727275 0.006081081081081081
0 0.5595454545454546 0.43783783783783786 0.0027272727272727275 0.005405405405405406
0 0.5395454545454546 0.4375 0.0027272727272727275 0.006081081081081081
0 0.5161363636363636 0.43783783783783786 0.0022727272727272726 0.005405405405405406
1 0.795 0.43885135135135134 0.0027272727272727275 0.006081081081081081
1 0.7477272727272727 0.43885135135135134 0.0036363636363636364 0.007432432432432433
1 0.7277272727272728 0.43885135135135134 0.0027272727272727275 0.006081081081081081
1 0.5345454545454545 0.43716216216216214 0.0018181818181818182 0.004054054054054054
1 0.29795454545454547 0.4445945945945946 0.0022727272727272726 0.005405405405405406
1 0.31068181818181817 0.44324324324324327 0.0022727272727272726 0.004054054054054054
1 0.32522727272727275 0.44222972972972974 0.0022727272727272726 0.00472972972972973
0 0.3465909090909091 0.44222972972972974 0.0022727272727272726 0.00472972972972973
0 0.35613636363636364 0.4408783783783784 0.0022727272727272726 0.00472972972972973
0 0.37522727272727274 0.4402027027027027 0.0022727272727272726 0.00472972972972973
0 0.4034090909090909 0.439527027027027 0.0022727272727272726 0.00472972972972973
0 0.42613636363636365 0.43885135135135134 0.0022727272727272726 0.00472972972972973
0 0.4490909090909091 0.43817567567567567 0.0018181818181818182 0.00472972972972973
0 0.46954545454545454 0.43817567567567567 0.0027272727272727275 0.00472972972972973
0 0.48863636363636365 0.43783783783783786 0.0018181818181818182 0.005405405405405406
1 0.4838636363636364 0.4375 0.0022727272727272726 0.00472972972972973
1 0.4552272727272727 0.4375 0.0022727272727272726 0.00472972972972973
1 0.5077272727272727 0.43716216216216214 0.0018181818181818182 0.004054054054054054
1 0.5572727272727273 0.43682432432432433 0.0018181818181818182 0.00472972972972973
0 0.5827272727272728 0.4391891891891892 0.0027272727272727275 0.005405405405405406
1 0.5988636363636364 0.43716216216216214 0.0022727272727272726 0.004054054054054054
1 0.6195454545454545 0.4375 0.0027272727272727275 0.00472972972972973
1 0.6411363636363636 0.4375 0.0022727272727272726 0.00472972972972973
1 0.6654545454545454 0.43783783783783786 0.0027272727272727275 0.005405405405405406
1 0.6693181818181818 0.43716216216216214 0.0022727272727272726 0.004054054054054054
1 0.6770454545454545 0.43682432432432433 0.0022727272727272726 0.0033783783783783786
0 0.6797727272727273 0.4391891891891892 0.003181818181818182 0.006756756756756757
0 0.6897727272727273 0.43682432432432433 0.0022727272727272726 0.00472972972972973
0 0.715 0.43716216216216214 0.0018181818181818182 0.005405405405405406
0 0.7211363636363637 0.4375 0.0022727272727272726 0.00472972972972973
0 0.7413636363636363 0.43783783783783786 0.0027272727272727275 0.005405405405405406
1 0.7243181818181819 0.43783783783783786 0.0022727272727272726 0.005405405405405406
0 0.7659090909090909 0.43817567567567567 0.0027272727272727275 0.00472972972972973
0 0.8127272727272727 0.4391891891891892 0.0027272727272727275 0.005405405405405406
1 0.8086363636363636 0.43885135135135134 0.0027272727272727275 0.006081081081081081
1 0.7852272727272728 0.43851351351351353 0.0022727272727272726 0.004054054054054054
1 0.8243181818181818 0.43885135135135134 0.0022727272727272726 0.006081081081081081
1 0.8318181818181818 0.43885135135135134 0.0027272727272727275 0.006081081081081081
0 0.8652272727272727 0.43885135135135134 0.003181818181818182 0.006081081081081081
0 0.9006818181818181 0.4391891891891892 0.005 0.006756756756756757
0 0.9147727272727273 0.4391891891891892 0.003181818181818182 0.005405405405405406
1 0.9343181818181818 0.439527027027027 0.0022727272727272726 0.006081081081081081
