1 0.3870454545454545 0.5777027027027027 0.03772727272727273 0.060810810810810814
1 0.42568181818181816 0.5121621621621621 0.019545454545454546 0.033783783783783786
1 0.3884090909090909 0.4797297297297297 0.010454545454545454 0.01891891891891892
1 0.36522727272727273 0.46554054054054056 0.006818181818181818 0.013513513513513514
1 0.35363636363636364 0.45844594594594595 0.005454545454545455 0.010135135135135136
1 0.3472727272727273 0.4540540540540541 0.004545454545454545 0.00945945945945946
1 0.34204545454545454 0.4506756756756757 0.003181818181818182 0.008108108108108109
1 0.3384090909090909 0.44797297297297295 0.003181818181818182 0.008108108108108109
3 0.3347727272727273 0.44391891891891894 0.0022727272727272726 0.00945945945945946
0 0.7763636363636364 0.5260135135135136 0.02727272727272727 0.04121621621621622
0 0.6188636363636364 0.4929054054054054 0.012272727272727272 0.026351351351351353
0 0.4968181818181818 0.4668918918918919 0.008181818181818182 0.016216216216216217
0 0.44795454545454544 0.4581081081081081 0.005909090909090909 0.012162162162162163
0 0.42613636363636365 0.45472972972972975 0.005 0.00945945945945946
0 0.41363636363636364 0.452027027027027 0.004545454545454545 0.00945945945945946
0 0.39295454545454545 0.4472972972972973 0.004090909090909091 0.008108108108108109
0 0.38545454545454544 0.4462837837837838 0.0036363636363636364 0.007432432432432433
0 0.3806818181818182 0.4452702702702703 0.003181818181818182 0.006756756756756757
3 0.3775 0.44256756756756754 0.0022727272727272726 0.008108108108108109
1 0.34954545454545455 0.44155405405405407 0.0027272727272727275 0.00472972972972973
1 0.3618181818181818 0.4408783783783784 0.0027272727272727275 0.00472972972972973
1 0.8443181818181819 0.439527027027027 0.003181818181818182 0.006081081081081081
1 0.8213636363636364 0.4391891891891892 0.0036363636363636364 0.006756756756756757
1 0.8106818181818182 0.43851351351351353 0.003181818181818182 0.006756756756756757
0 0.9118181818181819 0.4391891891891892 0.004545454545454545 0.006756756756756757
0 0.8938636363636364 0.439527027027027 0.005 0.007432432432432433
0 0.8693181818181818 0.4391891891891892 0.003181818181818182 0.006756756756756757
0 0.7954545454545454 0.43817567567567567 0.0036363636363636364 0.006081081081081081
0 0.7484090909090909 0.4402027027027027 0.003181818181818182 0.007432432432432433
0 0.8372727272727273 0.4402027027027027 0.0036363636363636364 0.008783783783783784
0 0.7345454545454545 0.43817567567567567 0.0027272727272727275 0.006081081081081081
0 0.6640909090909091 0.43851351351351353 0.0027272727272727275 0.005405405405405406
0 0.6315909090909091 0.43851351351351353 0.0022727272727272726 0.005405405405405406
0 0.696590909090909 0.439527027027027 0.0022727272727272726 0.006081081081081081
0 0.7220454545454545 0.43986486486486487 0.0022727272727272726 0.005405405405405406
0 0.5822727272727273 0.43783783783783786 0.0027272727272727275 0.005405405405405406
0 0.6043181818181819 0.43851351351351353 0.0022727272727272726 0.005405405405405406
0 0.5145454545454545 0.43682432432432433 0.0018181818181818182 0.00472972972972973
0 0.39045454545454544 0.43986486486486487 0.0027272727272727275 0.005405405405405406
0 0.4077272727272727 0.4391891891891892 0.0027272727272727275 0.005405405405405406
0 0.4340909090909091 0.43885135135135134 0.0018181818181818182 0.00472972972972973
0 0.4552272727272727 0.43817567567567567 0.0022727272727272726 0.00472972972972973
0 0.47659090909090907 0.4375 0.0022727272727272726 0.00472972972972973
1 0.4825 0.43682432432432433 0.0022727272727272726 0.00472972972972973
0 0.4965909090909091 0.4375 0.0022727272727272726 0.00472972972972973
1 0.51 0.43682432432432433 0.0027272727272727275 0.00472972972972973
1 0.5325 0.43648648648648647 0.0022727272727272726 0.004054054054054054
0 0.5406818181818182 0.43716216216216214 0.0022727272727272726 0.005405405405405406
1 0.5586363636363636 0.43682432432432433 0.0027272727272727275 0.00472972972972973
0 0.5636363636363636 0.4375 0.0027272727272727275 0.006081081081081081
1 0.5804545454545454 0.43682432432432433 0.0018181818181818182 0.00472972972972973
1 0.6197727272727273 0.43682432432432433 0.0022727272727272726 0.00472972972972973
1 0.64 0.43716216216216214 0.0027272727272727275 0.005405405405405406
1 0.6609090909090909 0.4375 0.0027272727272727275 0.006081081081081081
1 0.6838636363636363 0.43783783783783786 0.0022727272727272726 0.005405405405405406
1 0.6897727272727273 0.43716216216216214 0.0022727272727272726 0.004054054054054054
1 0.7004545454545454 0.43682432432432433 0.0018181818181818182 0.0033783783783783786
1 0.7434090909090909 0.43851351351351353 0.003181818181818182 0.006756756756756757
1 0.7631818181818182 0.43885135135135134 0.0027272727272727275 0.006081081081081081
1 0.7725 0.43817567567567567 0.0022727272727272726 0.00472972972972973
0 0.769090909090909 0.43851351351351353 0.0027272727272727275 0.005405405405405406
0 0.7604545454545455 0.43851351351351353 0.0018181818181818182 0.005405405405405406
1 0.7784090909090909 0.43851351351351353 0.0022727272727272726 0.005405405405405406
0 0.7906818181818182 0.44054054054054054 0.004090909090909091 0.006756756756756757
1 0.8079545454545455 0.43885135135135134 0.0022727272727272726 0.00472972972972973
1 0.8540909090909091 0.4391891891891892 0.0027272727272727275 0.005405405405405406
0 0.8872727272727273 0.4391891891891892 0.0027272727272727275 0.005405405405405406
1 0.9059090909090909 0.439527027027027 0.0027272727272727275 0.00472972972972973
1 0.7195454545454546 0.43817567567567567 0.0027272727272727275 0.006081081081081081
