1 0.49022727272727273 0.3368243243243243 0.013181818181818182 0.012837837837837839
1 0.5418181818181819 0.33885135135135136 0.00909090909090909 0.01418918918918919
1 0.5972727272727273 0.3398648648648649 0.01090909090909091 0.02027027027027027
1 0.6556818181818181 0.33175675675675675 0.009545454545454546 0.014864864864864866
1 0.6856818181818182 0.34425675675675677 0.012272727272727272 0.02364864864864865
0 0.8368181818181818 0.33716216216216216 0.013636363636363636 0.01891891891891892
0 0.7452272727272727 0.33175675675675675 0.011363636363636364 0.021621621621621623
0 0.5215909090909091 0.3233108108108108 0.007727272727272728 0.015540540540540541
0 0.5763636363636364 0.327027027027027 0.011818181818181818 0.013513513513513514
0 0.6156818181818182 0.327027027027027 0.009545454545454546 0.01756756756756757
2 0.6959090909090909 0.3327702702702703 0.01 0.015540540540540541
2 0.7402272727272727 0.34966216216216217 0.018636363636363635 0.018243243243243244
