1 0.3068181818181818 0.5800675675675676 0.03909090909090909 0.06148648648648649
1 0.4 0.5121621621621621 0.017272727272727273 0.033783783783783786
1 0.4929545454545455 0.48986486486486486 0.011363636363636364 0.024324324324324326
1 0.5186363636363637 0.47702702702702704 0.00909090909090909 0.01891891891891892
1 0.5359090909090909 0.4685810810810811 0.007272727272727273 0.015540540540540541
1 0.5438636363636363 0.4631756756756757 0.007727272727272728 0.01418918918918919
1 0.5606818181818182 0.4564189189189189 0.005909090909090909 0.011486486486486487
1 0.5811363636363637 0.45337837837837835 0.005 0.010810810810810811
0 0.7738636363636363 0.5780405405405405 0.045909090909090906 0.06418918918918919
0 0.6886363636363636 0.5206081081081081 0.024545454545454544 0.037162162162162164
0 0.7161363636363637 0.4875 0.015909090909090907 0.025
0 0.6752272727272727 0.47297297297297297 0.010454545454545454 0.01891891891891892
0 0.6518181818181819 0.4635135135135135 0.007272727272727273 0.014864864864864866
0 0.6581818181818182 0.4570945945945946 0.006363636363636364 0.012837837837837839
0 0.6713636363636364 0.4537162162162162 0.006363636363636364 0.011486486486486487
0 0.6843181818181818 0.4510135135135135 0.005 0.010135135135135136
0 0.6811363636363637 0.4486486486486487 0.003181818181818182 0.00945945945945946
0 0.9206818181818182 0.4375 0.003181818181818182 0.006081081081081081
0 0.7188636363636364 0.44222972972972974 0.003181818181818182 0.007432432432432433
0 0.7615909090909091 0.44222972972972974 0.003181818181818182 0.007432432432432433
0 0.8113636363636364 0.43783783783783786 0.0036363636363636364 0.006756756756756757
0 0.788409090909091 0.4412162162162162 0.003181818181818182 0.006756756756756757
0 0.8447727272727272 0.43783783783783786 0.003181818181818182 0.005405405405405406
1 0.913409090909091 0.43682432432432433 0.0022727272727272726 0.00472972972972973
1 0.8313636363636364 0.43716216216216214 0.0027272727272727275 0.005405405405405406
1 0.7990909090909091 0.4375 0.0027272727272727275 0.00472972972972973
1 0.7727272727272727 0.43783783783783786 0.0027272727272727275 0.005405405405405406
1 0.7534090909090909 0.43851351351351353 0.0022727272727272726 0.005405405405405406
1 0.7331818181818182 0.4408783783783784 0.0027272727272727275 0.006081081081081081
1 0.7390909090909091 0.43986486486486487 0.0027272727272727275 0.006756756756756757
1 0.7063636363636364 0.4408783783783784 0.0027272727272727275 0.006081081081081081
1 0.6409090909090909 0.4412162162162162 0.0027272727272727275 0.005405405405405406
1 0.5993181818181819 0.45135135135135135 0.004090909090909091 0.00945945945945946
1 0.6084090909090909 0.44932432432432434 0.004090909090909091 0.00945945945945946
1 0.095 0.46587837837837837 0.005454545454545455 0.008783783783783784
0 0.11886363636363637 0.4756756756756757 0.008636363636363636 0.016216216216216217
0 0.22090909090909092 0.47162162162162163 0.007272727272727273 0.013513513513513514
1 0.19954545454545455 0.47702702702702704 0.008181818181818182 0.014864864864864866
1 0.19204545454545455 0.46047297297297296 0.005 0.007432432432432433
1 0.2545454545454545 0.45675675675675675 0.0036363636363636364 0.006756756756756757
0 0.21795454545454546 0.46047297297297296 0.005 0.008783783783783784
0 0.28045454545454546 0.45675675675675675 0.0036363636363636364 0.006756756756756757
0 0.32295454545454544 0.4635135135135135 0.005909090909090909 0.012162162162162163
0 0.3365909090909091 0.45337837837837835 0.003181818181818182 0.006756756756756757
1 0.32954545454545453 0.46655405405405403 0.006363636363636364 0.012837837837837839
1 0.34704545454545455 0.45135135135135135 0.0022727272727272726 0.004054054054054054
1 0.3906818181818182 0.46114864864864863 0.005909090909090909 0.011486486486486487
0 0.3940909090909091 0.4574324324324324 0.0036363636363636364 0.00945945945945946
0 0.36772727272727274 0.4510135135135135 0.0027272727272727275 0.006081081081081081
0 0.40545454545454546 0.4489864864864865 0.0027272727272727275 0.006081081081081081
0 0.4511363636363636 0.4523648648648649 0.004090909090909091 0.008783783783783784
0 0.48613636363636364 0.4506756756756757 0.004090909090909091 0.008108108108108109
1 0.455 0.4560810810810811 0.004545454545454545 0.00945945945945946
1 0.5052272727272727 0.452027027027027 0.004090909090909091 0.00945945945945946
1 0.5347727272727273 0.44932432432432434 0.004090909090909091 0.008108108108108109
1 0.5690909090909091 0.4483108108108108 0.004545454545454545 0.008783783783783784
0 0.5868181818181818 0.4456081081081081 0.0036363636363636364 0.007432432432432433
0 0.5922727272727273 0.4429054054054054 0.0027272727272727275 0.006081081081081081
0 0.6279545454545454 0.4449324324324324 0.003181818181818182 0.007432432432432433
0 0.6688636363636363 0.4462837837837838 0.003181818181818182 0.007432432432432433
0 0.5368181818181819 0.44797297297297295 0.0027272727272727275 0.006756756756756757
0 0.4677272727272727 0.4452702702702703 0.0018181818181818182 0.004054054054054054
0 0.43863636363636366 0.4466216216216216 0.0027272727272727275 0.005405405405405406
1 0.3090909090909091 0.4537162162162162 0.0027272727272727275 0.006081081081081081
1 0.3834090909090909 0.44966216216216215 0.0022727272727272726 0.00472972972972973
1 0.41613636363636364 0.44763513513513514 0.0022727272727272726 0.00472972972972973
1 0.4425 0.44594594594594594 0.0022727272727272726 0.004054054054054054
1 0.4643181818181818 0.4449324324324324 0.0022727272727272726 0.00472972972972973
1 0.4838636363636364 0.44391891891891894 0.0022727272727272726 0.004054054054054054
1 0.5013636363636363 0.44256756756756754 0.0027272727272727275 0.004054054054054054
0 0.5047727272727273 0.44324324324324327 0.0022727272727272726 0.004054054054054054
0 0.48818181818181816 0.44425675675675674 0.0018181818181818182 0.00472972972972973
0 0.5229545454545454 0.44222972972972974 0.0022727272727272726 0.00472972972972973
1 0.525 0.4418918918918919 0.0018181818181818182 0.004054054054054054
0 0.5438636363636363 0.4418918918918919 0.0022727272727272726 0.004054054054054054
1 0.5465909090909091 0.4412162162162162 0.0022727272727272726 0.004054054054054054
0 0.5593181818181818 0.4412162162162162 0.0022727272727272726 0.004054054054054054
1 0.5625 0.4408783783783784 0.0022727272727272726 0.00472972972972973
0 0.5693181818181818 0.44222972972972974 0.0022727272727272726 0.00472972972972973
0 0.5729545454545455 0.4418918918918919 0.0022727272727272726 0.005405405405405406
1 0.5790909090909091 0.44054054054054054 0.0018181818181818182 0.004054054054054054
1 0.5954545454545455 0.44054054054054054 0.0018181818181818182 0.004054054054054054
1 0.6015909090909091 0.44054054054054054 0.0022727272727272726 0.004054054054054054
1 0.6036363636363636 0.44054054054054054 0.0018181818181818182 0.004054054054054054
1 0.6072727272727273 0.4412162162162162 0.0018181818181818182 0.004054054054054054
1 0.6172727272727273 0.4418918918918919 0.0027272727272727275 0.004054054054054054
1 0.6013636363636363 0.4486486486486487 0.0027272727272727275 0.008108108108108109
0 0.6256818181818182 0.44222972972972974 0.0022727272727272726 0.006081081081081081
1 0.6720454545454545 0.44155405405405407 0.0022727272727272726 0.00472972972972973
0 0.668409090909091 0.4412162162162162 0.0022727272727272726 0.005405405405405406
1 0.7418181818181818 0.439527027027027 0.0027272727272727275 0.00472972972972973
0 0.7843181818181818 0.43885135135135134 0.0022727272727272726 0.006081081081081081
0 0.7922727272727272 0.44054054054054054 0.0027272727272727275 0.005405405405405406
0 0.8779545454545454 0.43783783783783786 0.0022727272727272726 0.005405405405405406
1 0.8761363636363636 0.43682432432432433 0.0022727272727272726 0.00472972972972973
1 0.6056818181818182 0.4412162162162162 0.0013636363636363637 0.004054054054054054
0 0.11818181818181818 0.4652027027027027 0.007272727272727273 0.012837837837837839
