0 0.8904545454545455 0.668918918918919 0.08272727272727273 0.10810810810810811
0 0.7084090909090909 0.547972972972973 0.031363636363636364 0.04864864864864865
0 0.7206818181818182 0.497972972972973 0.018636363636363635 0.02837837837837838
0 0.6677272727272727 0.47905405405405405 0.01090909090909091 0.02027027027027027
0 0.6388636363636364 0.46756756756756757 0.007727272727272728 0.016216216216216217
0 0.6563636363636364 0.4564189189189189 0.006363636363636364 0.011486486486486487
0 0.6681818181818182 0.4537162162162162 0.005454545454545455 0.011486486486486487
0 0.6995454545454546 0.4435810810810811 0.0036363636363636364 0.007432432432432433
0 0.7418181818181818 0.4435810810810811 0.0036363636363636364 0.007432432432432433
0 0.894090909090909 0.439527027027027 0.0027272727272727275 0.006081081081081081
1 0.9081818181818182 0.43851351351351353 0.0027272727272727275 0.005405405405405406
1 0.9295454545454546 0.4375 0.0027272727272727275 0.006081081081081081
1 0.8859090909090909 0.43851351351351353 0.0027272727272727275 0.005405405405405406
1 0.8068181818181818 0.4391891891891892 0.0027272727272727275 0.005405405405405406
0 0.8525 0.43885135135135134 0.003181818181818182 0.006081081081081081
0 0.8204545454545454 0.43885135135135134 0.0027272727272727275 0.006081081081081081
0 0.788409090909091 0.439527027027027 0.003181818181818182 0.006081081081081081
0 0.7681818181818182 0.4429054054054054 0.0027272727272727275 0.007432432432432433
0 0.7622727272727273 0.4402027027027027 0.0027272727272727275 0.006081081081081081
1 0.7502272727272727 0.439527027027027 0.0022727272727272726 0.00472972972972973
1 0.7756818181818181 0.43885135135135134 0.0022727272727272726 0.00472972972972973
1 0.7311363636363636 0.4402027027027027 0.0022727272727272726 0.00472972972972973
1 0.7129545454545455 0.44256756756756754 0.003181818181818182 0.006756756756756757
1 0.6863636363636364 0.44222972972972974 0.0027272727272727275 0.006081081081081081
1 0.7184090909090909 0.4412162162162162 0.0022727272727272726 0.005405405405405406
1 0.12954545454545455 0.6837837837837838 0.08363636363636363 0.10810810810810811
1 0.3393181818181818 0.5364864864864864 0.02590909090909091 0.043243243243243246
1 0.4615909090909091 0.5023648648648649 0.015 0.029054054054054056
1 0.49363636363636365 0.4847972972972973 0.01 0.020945945945945947
1 0.5129545454545454 0.4743243243243243 0.008636363636363636 0.01756756756756757
1 0.5218181818181818 0.46756756756756757 0.008181818181818182 0.014864864864864866
1 0.5393181818181818 0.4597972972972973 0.005909090909090909 0.011486486486486487
1 0.5609090909090909 0.4564189189189189 0.005454545454545455 0.011486486486486487
1 0.5797727272727272 0.4543918918918919 0.004090909090909091 0.008783783783783784
1 0.5890909090909091 0.4516891891891892 0.0036363636363636364 0.008783783783783784
1 0.62 0.4429054054054054 0.0027272727272727275 0.006081081081081081
1 0.12545454545454546 0.48412162162162165 0.01090909090909091 0.016891891891891893
1 0.13954545454545456 0.46283783783783783 0.004545454545454545 0.008108108108108109
0 0.15818181818181817 0.47635135135135137 0.00909090909090909 0.014864864864864866
0 0.16886363636363635 0.4635135135135135 0.005 0.00945945945945946
0 0.23977272727272728 0.4591216216216216 0.004090909090909091 0.008783783783783784
0 0.2790909090909091 0.46756756756756757 0.005454545454545455 0.012162162162162163
0 0.35954545454545456 0.46047297297297296 0.005454545454545455 0.011486486486486487
1 0.3543181818181818 0.4652027027027027 0.005909090909090909 0.011486486486486487
1 0.42613636363636365 0.4591216216216216 0.005 0.011486486486486487
1 0.48 0.4540540540540541 0.0036363636363636364 0.00945945945945946
1 0.5113636363636364 0.452027027027027 0.0036363636363636364 0.008108108108108109
1 0.5477272727272727 0.4503378378378378 0.0036363636363636364 0.008783783783783784
1 0.21181818181818182 0.4591216216216216 0.0036363636363636364 0.006081081081081081
1 0.2731818181818182 0.4560810810810811 0.0027272727272727275 0.005405405405405406
1 0.3145454545454546 0.4540540540540541 0.0027272727272727275 0.005405405405405406
0 0.3025 0.4554054054054054 0.004090909090909091 0.008108108108108109
0 0.3365909090909091 0.45337837837837835 0.003181818181818182 0.006756756756756757
0 0.37681818181818183 0.4506756756756757 0.0027272727272727275 0.006756756756756757
1 0.3534090909090909 0.45135135135135135 0.003181818181818182 0.005405405405405406
1 0.3884090909090909 0.44932432432432434 0.0022727272727272726 0.004054054054054054
1 0.4163636363636364 0.44763513513513514 0.0018181818181818182 0.00472972972972973
0 0.4597727272727273 0.4527027027027027 0.004090909090909091 0.008108108108108109
0 0.4115909090909091 0.4483108108108108 0.0022727272727272726 0.00472972972972973
0 0.5656818181818182 0.4472972972972973 0.003181818181818182 0.008108108108108109
0 0.5704545454545454 0.44425675675675674 0.0027272727272727275 0.006081081081081081
0 0.6079545454545454 0.4466216216216216 0.004090909090909091 0.008108108108108109
0 0.6054545454545455 0.44391891891891894 0.0027272727272727275 0.005405405405405406
0 0.644090909090909 0.46047297297297296 0.005454545454545455 0.01418918918918919
0 0.6513636363636364 0.4483108108108108 0.004545454545454545 0.008783783783783784
0 0.6640909090909091 0.4506756756756757 0.004545454545454545 0.00945945945945946
0 0.6479545454545454 0.44391891891891894 0.003181818181818182 0.005405405405405406
1 0.2843181818181818 0.47195945945945944 0.007727272727272728 0.012837837837837839
1 0.43931818181818183 0.4466216216216216 0.0022727272727272726 0.004054054054054054
1 0.4593181818181818 0.4452702702702703 0.0022727272727272726 0.004054054054054054
0 0.4425 0.4469594594594595 0.0022727272727272726 0.00472972972972973
0 0.4634090909090909 0.4456081081081081 0.0022727272727272726 0.00472972972972973
0 0.48068181818181815 0.4445945945945946 0.0022727272727272726 0.004054054054054054
0 0.4993181818181818 0.4435810810810811 0.0022727272727272726 0.00472972972972973
1 0.4772727272727273 0.44391891891891894 0.0018181818181818182 0.004054054054054054
1 0.5013636363636363 0.44324324324324327 0.0018181818181818182 0.004054054054054054
0 0.5136363636363637 0.4489864864864865 0.0027272727272727275 0.007432432432432433
0 0.5206818181818181 0.44256756756756754 0.0022727272727272726 0.004054054054054054
1 0.5234090909090909 0.44256756756756754 0.0022727272727272726 0.004054054054054054
0 0.5365909090909091 0.44256756756756754 0.0022727272727272726 0.004054054054054054
0 0.5486363636363636 0.44425675675675674 0.0018181818181818182 0.00472972972972973
0 0.5506818181818182 0.44256756756756754 0.0022727272727272726 0.005405405405405406
1 0.5397727272727273 0.44222972972972974 0.0022727272727272726 0.0033783783783783786
1 0.5565909090909091 0.4418918918918919 0.0022727272727272726 0.004054054054054054
1 0.5734090909090909 0.44155405405405407 0.0022727272727272726 0.00472972972972973
1 0.5959090909090909 0.44324324324324327 0.0027272727272727275 0.005405405405405406
1 0.5856818181818182 0.4429054054054054 0.0022727272727272726 0.00472972972972973
1 0.5838636363636364 0.44222972972972974 0.0022727272727272726 0.00472972972972973
1 0.5818181818181818 0.4418918918918919 0.0027272727272727275 0.004054054054054054
1 0.5795454545454546 0.4418918918918919 0.0018181818181818182 0.004054054054054054
1 0.6518181818181819 0.44256756756756754 0.0027272727272727275 0.005405405405405406
1 0.7206818181818182 0.4408783783783784 0.0022727272727272726 0.00472972972972973
0 0.7654545454545455 0.4412162162162162 0.0027272727272727275 0.006756756756756757
0 0.7709090909090909 0.4418918918918919 0.0027272727272727275 0.006756756756756757
1 0.85 0.43851351351351353 0.0027272727272727275 0.005405405405405406
0 0.9352272727272727 0.4391891891891892 0.0022727272727272726 0.005405405405405406
0 0.42204545454545456 0.45506756756756755 0.004090909090909091 0.008783783783783784
