1 0.4131818181818182 0.5260135135135136 0.022727272727272728 0.038513513513513516
1 0.4572727272727273 0.48445945945945945 0.01090909090909091 0.021621621621621623
1 0.4813636363636364 0.46993243243243243 0.007272727272727273 0.015540540540540541
1 0.49613636363636365 0.4618243243243243 0.005909090909090909 0.012837837837837839
1 0.5245454545454545 0.4574324324324324 0.005454545454545455 0.010810810810810811
1 0.5736363636363636 0.4543918918918919 0.004545454545454545 0.010135135135135136
1 0.6277272727272727 0.4537162162162162 0.004545454545454545 0.010135135135135136
1 0.7434090909090909 0.4540540540540541 0.005 0.010810810810810811
1 0.8356818181818182 0.4560810810810811 0.005909090909090909 0.012162162162162163
1 0.9322727272727273 0.4594594594594595 0.008181818181818182 0.013513513513513514
0 0.8686363636363637 0.4618243243243243 0.00909090909090909 0.01418918918918919
0 0.7565909090909091 0.45844594594594595 0.006818181818181818 0.012837837837837839
0 0.673409090909091 0.4564189189189189 0.005909090909090909 0.011486486486486487
0 0.6209090909090909 0.45844594594594595 0.006363636363636364 0.011486486486486487
0 0.5909090909090909 0.4618243243243243 0.007272727272727273 0.012837837837837839
0 0.5981818181818181 0.46790540540540543 0.00909090909090909 0.016891891891891893
0 0.6122727272727273 0.48277027027027025 0.01090909090909091 0.020945945945945947
0 0.6888636363636363 0.5273648648648649 0.023181818181818182 0.04121621621621622
1 0.6754545454545454 0.4527027027027027 0.005454545454545455 0.010810810810810811
