1 0.105 0.7172297297297298 0.07272727272727272 0.1277027027027027
1 0.4177272727272727 0.5347972972972973 0.02181818181818182 0.04121621621621622
1 0.49954545454545457 0.49898648648648647 0.016363636363636365 0.027702702702702704
1 0.575 0.4783783783783784 0.01 0.02027027027027027
1 0.6234090909090909 0.4685810810810811 0.007727272727272728 0.016891891891891893
1 0.7022727272727273 0.4618243243243243 0.007272727272727273 0.01418918918918919
0 0.7102272727272727 0.4945945945945946 0.017727272727272727 0.02702702702702703
0 0.7304545454545455 0.4760135135135135 0.01090909090909091 0.020945945945945947
0 0.8043181818181818 0.46925675675675677 0.010454545454545454 0.018243243243243244
0 0.7870454545454545 0.5797297297297297 0.041363636363636366 0.06621621621621622
1 0.894090909090909 0.45878378378378376 0.00909090909090909 0.014864864864864866
1 0.8075 0.4581081081081081 0.007727272727272728 0.016216216216216217
