0 0.8134090909090909 0.6 0.04863636363636364 0.07432432432432433
0 0.6481818181818182 0.4972972972972973 0.014545454545454545 0.02702702702702703
0 0.605909090909091 0.47094594594594597 0.008181818181818182 0.016216216216216217
0 0.5981818181818181 0.4618243243243243 0.007272727272727273 0.012837837837837839
0 0.5931818181818181 0.45675675675675675 0.005454545454545455 0.010810810810810811
0 0.6206818181818182 0.45337837837837835 0.005909090909090909 0.010810810810810811
0 0.6686363636363636 0.4523648648648649 0.005454545454545455 0.010135135135135136
0 0.7431818181818182 0.4537162162162162 0.005454545454545455 0.010135135135135136
0 0.84 0.4570945945945946 0.007272727272727273 0.012837837837837839
1 0.3347727272727273 0.5831081081081081 0.035 0.06351351351351352
1 0.4531818181818182 0.49594594594594593 0.014545454545454545 0.02702702702702703
1 0.4793181818181818 0.4722972972972973 0.008636363636363636 0.01756756756756757
1 0.49704545454545457 0.4625 0.005909090909090909 0.01418918918918919
1 0.5093181818181818 0.4564189189189189 0.005 0.011486486486486487
1 0.5347727272727273 0.45304054054054055 0.004090909090909091 0.010135135135135136
1 0.5790909090909091 0.4503378378378378 0.004545454545454545 0.010135135135135136
1 0.6288636363636364 0.44966216216216215 0.004090909090909091 0.008783783783783784
1 0.6729545454545455 0.44966216216216215 0.004090909090909091 0.008783783783783784
1 0.735 0.4506756756756757 0.004545454545454545 0.00945945945945946
1 0.8168181818181818 0.4523648648648649 0.005454545454545455 0.011486486486486487
1 0.8995454545454545 0.45472972972972975 0.007272727272727273 0.012162162162162163
