0 0.8572727272727273 0.34054054054054056 0.015454545454545455 0.02027027027027027
0 0.7568181818181818 0.3489864864864865 0.01090909090909091 0.015540540540540541
0 0.6704545454545454 0.35405405405405405 0.01090909090909091 0.02027027027027027
0 0.5054545454545455 0.36824324324324326 0.011818181818181818 0.012162162162162163
0 0.5447727272727273 0.36317567567567566 0.008636363636363636 0.016891891891891893
0 0.4511363636363636 0.3706081081081081 0.007727272727272728 0.015540540540540541
1 0.42113636363636364 0.38716216216216215 0.012272727272727272 0.012162162162162163
1 0.47204545454545455 0.3841216216216216 0.008636363636363636 0.01418918918918919
1 0.5272727272727272 0.37804054054054054 0.01090909090909091 0.020945945945945947
1 0.5834090909090909 0.36283783783783785 0.008636363636363636 0.013513513513513514
1 0.6143181818181818 0.37195945945945946 0.012272727272727272 0.0222972972972973
2 0.6670454545454545 0.3722972972972973 0.01681818181818182 0.01756756756756757
2 0.6225 0.3597972972972973 0.008636363636363636 0.01418918918918919
