2 0.6140909090909091 0.3783783783783784 0.017272727272727273 0.02837837837837838
2 0.29795454545454547 0.4081081081081081 0.04318181818181818 0.043243243243243246
1 0.3477272727272727 0.3777027027027027 0.025454545454545455 0.04594594594594595
1 0.3890909090909091 0.3476351351351351 0.02090909090909091 0.03581081081081081
1 0.41704545454545455 0.3364864864864865 0.020454545454545454 0.021621621621621623
1 0.44227272727272726 0.32466216216216215 0.01818181818181818 0.019594594594594596
1 0.6061363636363636 0.3638513513513513 0.019545454545454546 0.02364864864864865
0 0.705 0.5574324324324325 0.05909090909090909 0.07702702702702703
0 0.6722727272727272 0.452027027027027 0.04363636363636364 0.0472972972972973
0 0.6265909090909091 0.3952702702702703 0.020454545454545454 0.0445945945945946
0 0.605 0.3236486486486487 0.00909090909090909 0.022972972972972974
0 0.6172727272727273 0.3476351351351351 0.012727272727272728 0.030405405405405407
0 0.6102272727272727 0.33783783783783783 0.013181818181818182 0.01891891891891892
