1 0.37113636363636365 0.5570945945945946 0.03318181818181818 0.05067567567567568
1 0.4990909090909091 0.49493243243243246 0.017272727272727273 0.027702702702702704
1 0.5613636363636364 0.47466216216216217 0.01 0.019594594594594596
1 0.6322727272727273 0.46385135135135136 0.008181818181818182 0.015540540540540541
1 0.7229545454545454 0.46047297297297296 0.007727272727272728 0.01418918918918919
1 0.8184090909090909 0.45844594594594595 0.008636363636363636 0.01418918918918919
1 0.913409090909091 0.4577702702702703 0.009545454545454546 0.01418918918918919
0 0.7159090909090909 0.4814189189189189 0.013636363636363636 0.0222972972972973
0 0.8943181818181818 0.46790540540540543 0.011363636363636364 0.018243243243243244
0 0.7768181818181819 0.4726351351351351 0.012727272727272728 0.019594594594594596
0 0.7177272727272728 0.5064189189189189 0.017272727272727273 0.030405405405405407
0 0.8031818181818182 0.5820945945945946 0.04363636363636364 0.06554054054054054
