0 0.43068181818181817 0.6077702702702703 0.056818181818181816 0.0777027027027027
0 0.4 0.5064189189189189 0.042727272727272725 0.046621621621621624
0 0.35659090909090907 0.4527027027027027 0.022272727272727274 0.0445945945945946
0 0.3365909090909091 0.3820945945945946 0.009545454545454546 0.02364864864864865
2 0.345 0.43817567567567567 0.02181818181818182 0.029054054054054056
1 0.3336363636363636 0.4243243243243243 0.016363636363636365 0.024324324324324326
1 0.08772727272727272 0.422972972972973 0.02727272727272727 0.03918918918918919
1 0.12409090909090909 0.4077702702702703 0.028181818181818183 0.025
1 0.1565909090909091 0.3939189189189189 0.022272727272727274 0.021621621621621623
0 0.3488636363636364 0.4064189189189189 0.013181818181818182 0.029054054054054056
0 0.3406818181818182 0.3969594594594595 0.013181818181818182 0.018243243243243244
