1 0.2859090909090909 0.5993243243243244 0.04 0.07297297297297298
1 0.4627272727272727 0.5135135135135135 0.02 0.032432432432432434
1 0.5254545454545455 0.4888513513513513 0.012727272727272728 0.02364864864864865
1 0.5513636363636364 0.4756756756756757 0.008181818181818182 0.01756756756756757
1 0.6034090909090909 0.4689189189189189 0.007727272727272728 0.014864864864864866
1 0.6218181818181818 0.46452702702702703 0.006363636363636364 0.012837837837837839
1 0.6370454545454546 0.46047297297297296 0.005 0.011486486486486487
1 0.645 0.4577702702702703 0.005454545454545455 0.010135135135135136
1 0.6611363636363636 0.4540540540540541 0.005 0.00945945945945946
1 0.6747727272727273 0.4486486486486487 0.003181818181818182 0.006756756756756757
1 0.6806818181818182 0.4516891891891892 0.004090909090909091 0.008783783783783784
1 0.6981818181818182 0.4506756756756757 0.0036363636363636364 0.008108108108108109
1 0.7084090909090909 0.44932432432432434 0.003181818181818182 0.008108108108108109
0 0.8868181818181818 0.6618243243243244 0.07727272727272727 0.10202702702702703
0 0.7102272727272727 0.4810810810810811 0.012272727272727272 0.02027027027027027
0 0.7193181818181819 0.49324324324324326 0.015 0.025675675675675677
0 0.7572727272727273 0.47094594594594597 0.01 0.016216216216216217
0 0.7318181818181818 0.45878378378378376 0.006363636363636364 0.012162162162162163
0 0.7404545454545455 0.46385135135135136 0.007272727272727273 0.01418918918918919
0 0.745 0.45472972972972975 0.004545454545454545 0.010810810810810811
0 0.7618181818181818 0.45304054054054055 0.005454545454545455 0.010135135135135136
0 0.7702272727272728 0.4472972972972973 0.004090909090909091 0.008108108108108109
0 0.7384090909090909 0.5226351351351352 0.02590909090909091 0.038513513513513516
0 0.8311363636363637 0.44391891891891894 0.004090909090909091 0.006756756756756757
0 0.9259090909090909 0.44054054054054054 0.0036363636363636364 0.006756756756756757
0 0.9206818181818182 0.44256756756756754 0.003181818181818182 0.006756756756756757
0 0.9140909090909091 0.4429054054054054 0.0036363636363636364 0.007432432432432433
0 0.8802272727272727 0.44391891891891894 0.003181818181818182 0.006756756756756757
1 0.9081818181818182 0.4402027027027027 0.0027272727272727275 0.00472972972972973
1 0.8834090909090909 0.44054054054054054 0.003181818181818182 0.005405405405405406
1 0.8515909090909091 0.44256756756756754 0.0022727272727272726 0.005405405405405406
1 0.8595454545454545 0.44222972972972974 0.0027272727272727275 0.006081081081081081
1 0.865 0.4418918918918919 0.0027272727272727275 0.005405405405405406
1 0.8209090909090909 0.44256756756756754 0.0027272727272727275 0.005405405405405406
0 0.7804545454545454 0.4486486486486487 0.0018181818181818182 0.008108108108108109
0 0.7775 0.4506756756756757 0.004090909090909091 0.00945945945945946
0 0.7770454545454546 0.44391891891891894 0.0022727272727272726 0.006756756756756757
1 0.7836363636363637 0.44324324324324327 0.0027272727272727275 0.005405405405405406
1 0.7513636363636363 0.44324324324324327 0.0027272727272727275 0.005405405405405406
0 0.7345454545454545 0.44425675675675674 0.0027272727272727275 0.006081081081081081
0 0.7315909090909091 0.44594594594594594 0.003181818181818182 0.006756756756756757
1 0.065 0.47466216216216217 0.0027272727272727275 0.008783783783783784
1 0.07727272727272727 0.47128378378378377 0.004545454545454545 0.008783783783783784
1 0.10363636363636364 0.46959459459459457 0.004545454545454545 0.00945945945945946
1 0.10954545454545454 0.4739864864864865 0.005454545454545455 0.010135135135135136
1 0.13522727272727272 0.4672297297297297 0.004090909090909091 0.007432432432432433
1 0.1775 0.4722972972972973 0.005 0.010810810810810811
0 0.15818181818181817 0.46959459459459457 0.004545454545454545 0.00945945945945946
0 0.1734090909090909 0.4672297297297297 0.003181818181818182 0.008783783783783784
0 0.1875 0.46959459459459457 0.005909090909090909 0.00945945945945946
1 0.18181818181818182 0.46554054054054056 0.0036363636363636364 0.006756756756756757
0 0.21863636363636363 0.4648648648648649 0.004545454545454545 0.008108108108108109
1 0.2425 0.46216216216216216 0.003181818181818182 0.006756756756756757
1 0.26 0.46993243243243243 0.004545454545454545 0.010135135135135136
0 0.25522727272727275 0.46756756756756757 0.004090909090909091 0.010810810810810811
1 0.3140909090909091 0.45844594594594595 0.0027272727272727275 0.006081081081081081
1 0.3290909090909091 0.46655405405405403 0.005454545454545455 0.010135135135135136
1 0.37136363636363634 0.4554054054054054 0.0027272727272727275 0.005405405405405406
1 0.40704545454545454 0.46283783783783783 0.004090909090909091 0.00945945945945946
1 0.4127272727272727 0.45337837837837835 0.0027272727272727275 0.005405405405405406
0 0.3311363636363636 0.45878378378378376 0.003181818181818182 0.006756756756756757
0 0.355 0.4631756756756757 0.004545454545454545 0.010135135135135136
0 0.3906818181818182 0.4557432432432432 0.003181818181818182 0.006081081081081081
0 0.4113636363636364 0.4608108108108108 0.004545454545454545 0.00945945945945946
0 0.4329545454545455 0.45337837837837835 0.003181818181818182 0.006756756756756757
0 0.4759090909090909 0.4570945945945946 0.0036363636363636364 0.008783783783783784
1 0.4847727272727273 0.4581081081081081 0.004090909090909091 0.00945945945945946
1 0.5268181818181819 0.4560810810810811 0.0036363636363636364 0.008108108108108109
1 0.5759090909090909 0.45304054054054055 0.0027272727272727275 0.007432432432432433
1 0.6170454545454546 0.4510135135135135 0.003181818181818182 0.007432432432432433
0 0.4738636363636364 0.4516891891891892 0.0013636363636363637 0.00472972972972973
0 0.4990909090909091 0.45 0.0027272727272727275 0.005405405405405406
0 0.53 0.4486486486486487 0.0027272727272727275 0.005405405405405406
1 0.5388636363636363 0.44797297297297295 0.0022727272727272726 0.004054054054054054
0 0.571590909090909 0.4510135135135135 0.003181818181818182 0.007432432432432433
0 0.6011363636363637 0.44966216216216215 0.003181818181818182 0.007432432432432433
1 0.6429545454545454 0.4489864864864865 0.0022727272727272726 0.006081081081081081
0 0.6463636363636364 0.44797297297297295 0.0027272727272727275 0.006756756756756757
0 0.5588636363636363 0.44763513513513514 0.0022727272727272726 0.00472972972972973
0 0.585 0.4466216216216216 0.0027272727272727275 0.004054054054054054
1 0.5106818181818182 0.4489864864864865 0.0022727272727272726 0.00472972972972973
1 0.5618181818181818 0.4469594594594595 0.0018181818181818182 0.0033783783783783786
1 0.5818181818181818 0.44594594594594594 0.0018181818181818182 0.004054054054054054
0 0.6036363636363636 0.4452702702702703 0.0018181818181818182 0.004054054054054054
0 0.6572727272727272 0.44324324324324327 0.0018181818181818182 0.004054054054054054
0 0.6722727272727272 0.4435810810810811 0.0027272727272727275 0.00472972972972973
0 0.6929545454545455 0.4469594594594595 0.003181818181818182 0.006081081081081081
0 0.6809090909090909 0.44425675675675674 0.0027272727272727275 0.00472972972972973
1 0.7029545454545455 0.4486486486486487 0.003181818181818182 0.006756756756756757
1 0.7277272727272728 0.4435810810810811 0.0027272727272727275 0.00472972972972973
0 0.6197727272727273 0.4452702702702703 0.0022727272727272726 0.004054054054054054
0 0.6372727272727273 0.44425675675675674 0.0018181818181818182 0.00472972972972973
1 0.6165909090909091 0.4449324324324324 0.0022727272727272726 0.00472972972972973
1 0.6604545454545454 0.44324324324324327 0.0027272727272727275 0.004054054054054054
1 0.6761363636363636 0.4429054054054054 0.0022727272727272726 0.00472972972972973
0 0.6847727272727273 0.44391891891891894 0.0022727272727272726 0.005405405405405406
1 0.7186363636363636 0.4435810810810811 0.0027272727272727275 0.00472972972972973
1 0.7090909090909091 0.4435810810810811 0.0027272727272727275 0.00472972972972973
0 0.701590909090909 0.4445945945945946 0.0022727272727272726 0.005405405405405406
1 0.6388636363636364 0.44391891891891894 0.0013636363636363637 0.004054054054054054
