0 0.7209090909090909 0.6118243243243243 0.05 0.07905405405405405
0 0.6520454545454546 0.5300675675675676 0.022272727272727274 0.04121621621621622
0 0.735 0.5060810810810811 0.01818181818181818 0.031081081081081083
0 0.8838636363636364 0.49932432432432433 0.018636363636363635 0.02972972972972973
1 0.8954545454545455 0.4793918918918919 0.013636363636363636 0.020945945945945947
1 0.7245454545454545 0.4793918918918919 0.012727272727272728 0.019594594594594596
1 0.6161363636363636 0.4834459459459459 0.010454545454545454 0.020945945945945947
1 0.5154545454545455 0.49695945945945946 0.012727272727272728 0.026351351351351353
1 0.4040909090909091 0.5192567567567568 0.019090909090909092 0.03445945945945946
1 0.2056818181818182 0.6067567567567568 0.04772727272727273 0.07162162162162163
