0 0.605909090909091 0.4831081081081081 0.01090909090909091 0.02027027027027027
1 0.5027272727272727 0.4570945945945946 0.005454545454545455 0.010135135135135136
1 0.4913636363636364 0.4631756756756757 0.005454545454545455 0.012837837837837839
1 0.38681818181818184 0.5239864864864865 0.02 0.037162162162162164
1 0.44795454545454544 0.485472972972973 0.010454545454545454 0.019594594594594596
1 0.4684090909090909 0.47128378378378377 0.008636363636363636 0.015540540540540541
0 0.663409090909091 0.5246621621621622 0.020454545454545454 0.038513513513513516
0 0.5884090909090909 0.47195945945945944 0.009545454545454546 0.016891891891891893
0 0.5772727272727273 0.4625 0.006363636363636364 0.012837837837837839
0 0.5697727272727273 0.4564189189189189 0.004090909090909091 0.010135135135135136
1 0.894090909090909 0.4489864864864865 0.005454545454545455 0.008783783783783784
1 0.8438636363636364 0.4489864864864865 0.005 0.008783783783783784
1 0.8045454545454546 0.44797297297297295 0.004545454545454545 0.008108108108108109
1 0.769090909090909 0.44797297297297295 0.0036363636363636364 0.006756756756756757
1 0.5922727272727273 0.4466216216216216 0.0027272727272727275 0.005405405405405406
0 0.8286363636363636 0.4516891891891892 0.005454545454545455 0.008783783783783784
0 0.7822727272727272 0.4503378378378378 0.005454545454545455 0.008783783783783784
0 0.7354545454545455 0.4489864864864865 0.004545454545454545 0.007432432432432433
0 0.7 0.44797297297297295 0.0036363636363636364 0.006756756756756757
0 0.5834090909090909 0.4472972972972973 0.003181818181818182 0.006756756756756757
1 0.5129545454545454 0.45135135135135135 0.004090909090909091 0.008108108108108109
1 0.5181818181818182 0.44932432432432434 0.0036363636363636364 0.006756756756756757
1 0.5331818181818182 0.4486486486486487 0.0036363636363636364 0.006756756756756757
0 0.6129545454545454 0.4472972972972973 0.0022727272727272726 0.005405405405405406
1 0.5611363636363637 0.4472972972972973 0.003181818181818182 0.005405405405405406
0 0.5645454545454546 0.4540540540540541 0.0036363636363636364 0.006756756756756757
1 0.62 0.4466216216216216 0.0027272727272727275 0.005405405405405406
0 0.6536363636363637 0.4472972972972973 0.0027272727272727275 0.005405405405405406
1 0.6563636363636364 0.4466216216216216 0.0027272727272727275 0.005405405405405406
1 0.9315909090909091 0.4462837837837838 0.004090909090909091 0.006081081081081081
0 0.5656818181818182 0.4506756756756757 0.003181818181818182 0.006756756756756757
1 0.5065909090909091 0.4537162162162162 0.004090909090909091 0.008783783783783784
