1 0.3443181818181818 0.5827702702702703 0.038636363636363635 0.06148648648648649
1 0.44272727272727275 0.5037162162162162 0.015454545454545455 0.030405405405405407
1 0.47613636363636364 0.47871621621621624 0.010454545454545454 0.020945945945945947
1 0.5206818181818181 0.4689189189189189 0.007727272727272728 0.016216216216216217
1 0.5888636363636364 0.46216216216216216 0.007727272727272728 0.014864864864864866
1 0.66 0.4597972972972973 0.005454545454545455 0.01418918918918919
1 0.7277272727272728 0.45878378378378376 0.006363636363636364 0.013513513513513514
1 0.8279545454545455 0.4597972972972973 0.007727272727272728 0.01418918918918919
0 0.8736363636363637 0.46756756756756757 0.011818181818181818 0.01756756756756757
0 0.7381818181818182 0.4652027027027027 0.01 0.015540540540540541
0 0.6652272727272728 0.4689189189189189 0.011363636363636364 0.01891891891891892
0 0.6265909090909091 0.47736486486486485 0.011363636363636364 0.020945945945945947
0 0.6595454545454545 0.4983108108108108 0.01818181818181818 0.029054054054054056
0 0.7565909090909091 0.5618243243243243 0.03318181818181818 0.05472972972972973
