1 0.26181818181818184 0.6334459459459459 0.04727272727272727 0.08716216216216216
1 0.29318181818181815 0.5114864864864865 0.017272727272727273 0.031081081081081083
1 0.2927272727272727 0.4810810810810811 0.01 0.01891891891891892
1 0.29295454545454547 0.46959459459459457 0.005909090909090909 0.012162162162162163
3 0.29545454545454547 0.4483108108108108 0.0036363636363636364 0.010135135135135136
0 0.6729545454545455 0.547972972972973 0.028636363636363637 0.051351351351351354
0 0.46704545454545454 0.4847972972972973 0.010454545454545454 0.0222972972972973
0 0.41 0.4689189189189189 0.007272727272727273 0.014864864864864866
0 0.3875 0.4631756756756757 0.005909090909090909 0.012837837837837839
0 0.3759090909090909 0.4591216216216216 0.005454545454545455 0.011486486486486487
0 0.35659090909090907 0.4540540540540541 0.005 0.00945945945945946
0 0.35 0.452027027027027 0.0036363636363636364 0.008108108108108109
3 0.34295454545454546 0.4472972972972973 0.003181818181818182 0.010810810810810811
0 0.3634090909090909 0.4445945945945946 0.0022727272727272726 0.005405405405405406
0 0.3825 0.4435810810810811 0.0022727272727272726 0.00472972972972973
1 0.30363636363636365 0.44763513513513514 0.0027272727272727275 0.00472972972972973
1 0.31727272727272726 0.4462837837837838 0.0027272727272727275 0.00472972972972973
1 0.33204545454545453 0.4449324324324324 0.0022727272727272726 0.00472972972972973
1 0.8193181818181818 0.4412162162162162 0.003181818181818182 0.005405405405405406
1 0.8356818181818182 0.4418918918918919 0.003181818181818182 0.006756756756756757
1 0.8511363636363637 0.4408783783783784 0.0022727272727272726 0.006081081081081081
1 0.77 0.44155405405405407 0.0027272727272727275 0.006081081081081081
1 0.7479545454545454 0.44155405405405407 0.003181818181818182 0.006081081081081081
0 0.9209090909090909 0.4412162162162162 0.005454545454545455 0.00945945945945946
0 0.9338636363636363 0.4408783783783784 0.005 0.008783783783783784
0 0.8829545454545454 0.4412162162162162 0.004090909090909091 0.008108108108108109
0 0.8461363636363637 0.4408783783783784 0.003181818181818182 0.007432432432432433
0 0.805 0.4429054054054054 0.004545454545454545 0.008783783783783784
0 0.7556818181818182 0.44256756756756754 0.004090909090909091 0.00945945945945946
0 0.6977272727272728 0.4429054054054054 0.0027272727272727275 0.006081081081081081
0 0.6606818181818181 0.4412162162162162 0.003181818181818182 0.006756756756756757
0 0.6252272727272727 0.4412162162162162 0.003181818181818182 0.006756756756756757
0 0.5711363636363637 0.4412162162162162 0.0022727272727272726 0.005405405405405406
0 0.3459090909090909 0.4506756756756757 0.0027272727272727275 0.006756756756756757
0 0.49863636363636366 0.44054054054054054 0.0027272727272727275 0.005405405405405406
0 0.5265909090909091 0.44054054054054054 0.003181818181818182 0.005405405405405406
0 0.5509090909090909 0.44054054054054054 0.0027272727272727275 0.005405405405405406
0 0.5956818181818182 0.4418918918918919 0.003181818181818182 0.005405405405405406
0 0.43454545454545457 0.44222972972972974 0.0027272727272727275 0.00472972972972973
0 0.45795454545454545 0.4412162162162162 0.0022727272727272726 0.005405405405405406
0 0.4788636363636364 0.4408783783783784 0.0022727272727272726 0.00472972972972973
0 0.3534090909090909 0.4449324324324324 0.0022727272727272726 0.00472972972972973
0 0.4115909090909091 0.4418918918918919 0.0022727272727272726 0.005405405405405406
1 0.4643181818181818 0.43986486486486487 0.0022727272727272726 0.005405405405405406
1 0.4934090909090909 0.43986486486486487 0.0022727272727272726 0.004054054054054054
1 0.5179545454545454 0.439527027027027 0.0022727272727272726 0.00472972972972973
1 0.5454545454545454 0.43986486486486487 0.0027272727272727275 0.005405405405405406
1 0.5690909090909091 0.43986486486486487 0.0018181818181818182 0.004054054054054054
1 0.6118181818181818 0.43986486486486487 0.0018181818181818182 0.004054054054054054
1 0.6336363636363637 0.4402027027027027 0.0027272727272727275 0.00472972972972973
1 0.6563636363636364 0.4402027027027027 0.0027272727272727275 0.006081081081081081
1 0.6815909090909091 0.44054054054054054 0.0022727272727272726 0.005405405405405406
1 0.6845454545454546 0.4391891891891892 0.0018181818181818182 0.004054054054054054
1 0.6915909090909091 0.43986486486486487 0.0022727272727272726 0.004054054054054054
1 0.6779545454545455 0.4391891891891892 0.0022727272727272726 0.005405405405405406
0 0.7036363636363636 0.4391891891891892 0.0018181818181818182 0.004054054054054054
0 0.7056818181818182 0.439527027027027 0.0022727272727272726 0.00472972972972973
0 0.7147727272727272 0.439527027027027 0.0022727272727272726 0.00472972972972973
0 0.7188636363636364 0.439527027027027 0.0022727272727272726 0.00472972972972973
0 0.7379545454545454 0.4402027027027027 0.0022727272727272726 0.00472972972972973
1 0.7431818181818182 0.44054054054054054 0.0027272727272727275 0.005405405405405406
1 0.7506818181818182 0.43986486486486487 0.0022727272727272726 0.004054054054054054
0 0.7604545454545455 0.44054054054054054 0.0027272727272727275 0.005405405405405406
0 0.7652272727272728 0.43986486486486487 0.0022727272727272726 0.005405405405405406
1 0.7765909090909091 0.4408783783783784 0.0022727272727272726 0.00472972972972973
1 0.774090909090909 0.44054054054054054 0.0018181818181818182 0.004054054054054054
1 0.8006818181818182 0.4418918918918919 0.004090909090909091 0.006756756756756757
0 0.8911363636363636 0.4412162162162162 0.003181818181818182 0.005405405405405406
1 0.9095454545454545 0.44155405405405407 0.0027272727272727275 0.00472972972972973
0 0.8590909090909091 0.44324324324324327 0.005454545454545455 0.008108108108108109
0 0.7327272727272728 0.4402027027027027 0.0027272727272727275 0.006081081081081081
