1 0.5672727272727273 0.44594594594594594 0.0036363636363636364 0.008108108108108109
1 0.5586363636363636 0.44932432432432434 0.0036363636363636364 0.008108108108108109
1 0.5438636363636363 0.4523648648648649 0.004090909090909091 0.010135135135135136
1 0.5336363636363637 0.4574324324324324 0.005454545454545455 0.012162162162162163
1 0.5145454545454545 0.46554054054054056 0.007272727272727273 0.014864864864864866
1 0.37863636363636366 0.5391891891891892 0.023636363636363636 0.0445945945945946
1 0.4827272727272727 0.4820945945945946 0.01090909090909091 0.0222972972972973
0 0.7193181818181819 0.5506756756756757 0.03409090909090909 0.051351351351351354
0 0.6415909090909091 0.4837837837837838 0.012272727272727272 0.022972972972972974
0 0.6304545454545455 0.4668918918918919 0.008181818181818182 0.014864864864864866
0 0.6238636363636364 0.45675675675675675 0.005 0.012162162162162163
0 0.62 0.45304054054054055 0.004545454545454545 0.010135135135135136
0 0.9197727272727273 0.44324324324324327 0.005 0.00945945945945946
1 0.5761363636363637 0.4429054054054054 0.003181818181818182 0.006081081081081081
1 0.5806818181818182 0.4412162162162162 0.003181818181818182 0.006756756756756757
1 0.5936363636363636 0.4408783783783784 0.0027272727272727275 0.006081081081081081
1 0.5709090909090909 0.44425675675675674 0.0027272727272727275 0.006081081081081081
0 0.6186363636363637 0.44932432432432434 0.0027272727272727275 0.006756756756756757
0 0.6170454545454546 0.4462837837837838 0.0022727272727272726 0.006081081081081081
0 0.6204545454545455 0.44054054054054054 0.0027272727272727275 0.005405405405405406
0 0.6356818181818182 0.4402027027027027 0.0022727272727272726 0.00472972972972973
0 0.6615909090909091 0.439527027027027 0.0022727272727272726 0.00472972972972973
1 0.6452272727272728 0.439527027027027 0.0022727272727272726 0.00472972972972973
1 0.6695454545454546 0.439527027027027 0.0027272727272727275 0.00472972972972973
0 0.696590909090909 0.4408783783783784 0.003181818181818182 0.00472972972972973
1 0.7013636363636364 0.439527027027027 0.0027272727272727275 0.00472972972972973
0 0.735909090909091 0.44054054054054054 0.0027272727272727275 0.005405405405405406
1 0.7390909090909091 0.4402027027027027 0.0027272727272727275 0.006081081081081081
0 0.7643181818181818 0.4412162162162162 0.003181818181818182 0.006756756756756757
1 0.7697727272727273 0.44054054054054054 0.003181818181818182 0.005405405405405406
1 0.7968181818181819 0.4408783783783784 0.0027272727272727275 0.006081081081081081
1 0.825 0.4412162162162162 0.0036363636363636364 0.006756756756756757
0 0.7993181818181818 0.44222972972972974 0.003181818181818182 0.006081081081081081
0 0.8338636363636364 0.44222972972972974 0.004090909090909091 0.007432432432432433
1 0.855909090909091 0.4418918918918919 0.004545454545454545 0.006756756756756757
1 0.8963636363636364 0.44222972972972974 0.004545454545454545 0.007432432432432433
