0 0.6088636363636364 0.5942567567567567 0.04318181818181818 0.07094594594594594
0 0.38954545454545453 0.5358108108108108 0.026363636363636363 0.043243243243243246
0 0.24454545454545454 0.5043918918918919 0.016363636363636365 0.027702702702702704
0 0.16113636363636363 0.4922297297297297 0.013181818181818182 0.019594594594594596
0 0.14386363636363636 0.47331081081081083 0.009545454545454546 0.01418918918918919
0 0.13545454545454547 0.48074324324324325 0.01090909090909091 0.016891891891891893
0 0.17136363636363636 0.46587837837837837 0.008181818181818182 0.011486486486486487
0 0.2040909090909091 0.46114864864864863 0.007272727272727273 0.010135135135135136
0 0.25363636363636366 0.4577702702702703 0.005454545454545455 0.010135135135135136
0 0.3140909090909091 0.4543918918918919 0.004545454545454545 0.010135135135135136
0 0.36818181818181817 0.4540540540540541 0.004545454545454545 0.008108108108108109
0 0.4022727272727273 0.4537162162162162 0.0036363636363636364 0.008783783783783784
0 0.5877272727272728 0.45506756756756755 0.006363636363636364 0.012837837837837839
0 0.6888636363636363 0.4564189189189189 0.007727272727272728 0.01418918918918919
0 0.8431818181818181 0.45878378378378376 0.01 0.014864864864864866
1 0.10681818181818181 0.4652027027027027 0.006363636363636364 0.011486486486486487
1 0.14977272727272728 0.4614864864864865 0.005 0.00945945945945946
1 0.21272727272727274 0.4574324324324324 0.004545454545454545 0.008108108108108109
1 0.2775 0.4540540540540541 0.003181818181818182 0.008108108108108109
1 0.3181818181818182 0.4523648648648649 0.0027272727272727275 0.007432432432432433
1 0.35568181818181815 0.4516891891891892 0.003181818181818182 0.007432432432432433
1 0.3975 0.4510135135135135 0.003181818181818182 0.007432432432432433
1 0.44727272727272727 0.4503378378378378 0.0018181818181818182 0.006081081081081081
1 0.5252272727272728 0.4506756756756757 0.004090909090909091 0.00945945945945946
1 0.615909090909091 0.4510135135135135 0.004545454545454545 0.011486486486486487
1 0.71 0.45135135135135135 0.005454545454545455 0.010810810810810811
1 0.84 0.4527027027027027 0.005454545454545455 0.012162162162162163
