1 0.14977272727272728 0.6854729729729729 0.0740909090909091 0.11554054054054054
1 0.4434090909090909 0.5523648648648649 0.02590909090909091 0.05067567567567568
1 0.5515909090909091 0.5111486486486486 0.020454545454545454 0.03175675675675676
1 0.5654545454545454 0.4868243243243243 0.012727272727272728 0.0222972972972973
1 0.5309090909090909 0.46756756756756757 0.007272727272727273 0.014864864864864866
1 0.5075 0.4577702702702703 0.005909090909090909 0.011486486486486487
1 0.49454545454545457 0.45304054054054055 0.004545454545454545 0.008783783783783784
1 0.4868181818181818 0.44966216216216215 0.0036363636363636364 0.007432432432432433
1 0.4802272727272727 0.4466216216216216 0.003181818181818182 0.008108108108108109
1 0.4768181818181818 0.4452702702702703 0.0027272727272727275 0.006756756756756757
1 0.47363636363636363 0.4435810810810811 0.0018181818181818182 0.006081081081081081
0 0.9222727272727272 0.5530405405405405 0.028181818181818183 0.05202702702702703
0 0.8243181818181818 0.5027027027027027 0.021363636363636362 0.02972972972972973
0 0.7131818181818181 0.4810810810810811 0.01090909090909091 0.021621621621621623
0 0.6168181818181818 0.46216216216216216 0.006363636363636364 0.013513513513513514
0 0.5738636363636364 0.45472972972972975 0.005 0.00945945945945946
0 0.5540909090909091 0.4510135135135135 0.004545454545454545 0.010135135135135136
0 0.5425 0.4489864864864865 0.004090909090909091 0.008783783783783784
0 0.5229545454545454 0.4449324324324324 0.003181818181818182 0.007432432432432433
0 0.5156818181818181 0.44391891891891894 0.003181818181818182 0.006756756756756757
0 0.5109090909090909 0.44324324324324327 0.0027272727272727275 0.005405405405405406
3 0.5079545454545454 0.4402027027027027 0.0022727272727272726 0.008783783783783784
0 0.8634090909090909 0.44222972972972974 0.004090909090909091 0.007432432432432433
0 0.7584090909090909 0.4412162162162162 0.0022727272727272726 0.005405405405405406
0 0.7284090909090909 0.44054054054054054 0.003181818181818182 0.005405405405405406
0 0.6618181818181819 0.43817567567567567 0.0027272727272727275 0.00472972972972973
0 0.685 0.43851351351351353 0.0027272727272727275 0.005405405405405406
0 0.6352272727272728 0.43817567567567567 0.0022727272727272726 0.00472972972972973
0 0.6172727272727273 0.43817567567567567 0.0027272727272727275 0.00472972972972973
1 0.7463636363636363 0.4391891891891892 0.0018181818181818182 0.005405405405405406
1 0.8197727272727273 0.4402027027027027 0.003181818181818182 0.006081081081081081
3 0.47204545454545455 0.44054054054054054 0.0022727272727272726 0.00945945945945946
1 0.48159090909090907 0.439527027027027 0.0022727272727272726 0.00472972972972973
1 0.49204545454545456 0.43885135135135134 0.0022727272727272726 0.00472972972972973
0 0.5177272727272727 0.43817567567567567 0.0018181818181818182 0.00472972972972973
0 0.5334090909090909 0.43817567567567567 0.0022727272727272726 0.00472972972972973
0 0.5572727272727273 0.43817567567567567 0.0018181818181818182 0.00472972972972973
0 0.5772727272727273 0.43817567567567567 0.0018181818181818182 0.00472972972972973
0 0.5981818181818181 0.43817567567567567 0.0018181818181818182 0.00472972972972973
1 0.6306818181818182 0.43716216216216214 0.0022727272727272726 0.004054054054054054
1 0.6538636363636363 0.43716216216216214 0.0022727272727272726 0.004054054054054054
1 0.6806818181818182 0.43817567567567567 0.0022727272727272726 0.00472972972972973
0 0.705 0.4391891891891892 0.0027272727272727275 0.005405405405405406
1 0.7306818181818182 0.43851351351351353 0.0022727272727272726 0.004054054054054054
1 0.7688636363636364 0.4391891891891892 0.0022727272727272726 0.005405405405405406
1 0.7925 0.44054054054054054 0.0022727272727272726 0.005405405405405406
0 0.7947727272727273 0.4408783783783784 0.0022727272727272726 0.006081081081081081
1 0.825 0.43885135135135134 0.0018181818181818182 0.00472972972972973
1 0.8436363636363636 0.4402027027027027 0.0027272727272727275 0.00472972972972973
0 0.8577272727272728 0.4402027027027027 0.0036363636363636364 0.006081081081081081
1 0.8704545454545455 0.4402027027027027 0.0018181818181818182 0.00472972972972973
0 0.8727272727272727 0.44054054054054054 0.0027272727272727275 0.005405405405405406
0 0.8954545454545455 0.44324324324324327 0.004545454545454545 0.008108108108108109
0 0.9202272727272728 0.44155405405405407 0.0022727272727272726 0.00472972972972973
1 0.9175 0.44222972972972974 0.003181818181818182 0.007432432432432433
1 0.9340909090909091 0.44155405405405407 0.0027272727272727275 0.006081081081081081
0 0.9015909090909091 0.4412162162162162 0.003181818181818182 0.005405405405405406
1 0.5320454545454546 0.43682432432432433 0.0013636363636363637 0.0033783783783783786
1 0.6038636363636364 0.43716216216216214 0.0013636363636363637 0.004054054054054054
