1 0.11090909090909092 0.6922297297297297 0.07454545454545454 0.11283783783783784
1 0.3640909090909091 0.5263513513513514 0.02090909090909091 0.03783783783783784
1 0.40954545454545455 0.4962837837837838 0.015454545454545455 0.026351351351351353
1 0.45590909090909093 0.4756756756756757 0.008181818181818182 0.016216216216216217
1 0.4959090909090909 0.46587837837837837 0.006363636363636364 0.012837837837837839
1 0.5261363636363636 0.4608108108108108 0.005 0.012162162162162163
1 0.5675 0.4560810810810811 0.004090909090909091 0.010810810810810811
1 0.600909090909091 0.45337837837837835 0.004545454545454545 0.00945945945945946
1 0.6552272727272728 0.4516891891891892 0.004090909090909091 0.008783783783783784
1 0.7218181818181818 0.4510135135135135 0.004545454545454545 0.008783783783783784
1 0.8284090909090909 0.4523648648648649 0.005 0.011486486486486487
1 0.9040909090909091 0.4537162162162162 0.005454545454545455 0.011486486486486487
1 0.7734090909090909 0.4510135135135135 0.0022727272727272726 0.010135135135135136
0 0.7638636363636364 0.6047297297297297 0.03954545454545454 0.07432432432432433
0 0.6036363636363636 0.5091216216216217 0.016363636363636365 0.030405405405405407
0 0.5822727272727273 0.4810810810810811 0.01 0.02027027027027027
0 0.5927272727272728 0.46993243243243243 0.008181818181818182 0.016891891891891893
0 0.6184090909090909 0.46047297297297296 0.006818181818181818 0.012837837837837839
0 0.6484090909090909 0.45675675675675675 0.005 0.010810810810810811
0 0.6979545454545455 0.45472972972972975 0.005909090909090909 0.010810810810810811
0 0.7709090909090909 0.45506756756756755 0.006363636363636364 0.011486486486486487
0 0.8572727272727273 0.4570945945945946 0.007272727272727273 0.012837837837837839
0 0.9279545454545455 0.46013513513513515 0.009545454545454546 0.013513513513513514
1 0.075 0.4793918918918919 0.01090909090909091 0.015540540540540541
1 0.08363636363636363 0.475 0.008181818181818182 0.013513513513513514
1 0.07818181818181819 0.46418918918918917 0.005454545454545455 0.00945945945945946
1 0.0984090909090909 0.4702702702702703 0.005909090909090909 0.012162162162162163
1 0.10295454545454545 0.46655405405405403 0.004090909090909091 0.011486486486486487
1 0.09431818181818181 0.4648648648648649 0.005 0.00945945945945946
