1 0.7243181818181819 0.46047297297297296 0.007727272727272728 0.01418918918918919
1 0.8218181818181818 0.45844594594594595 0.008181818181818182 0.01418918918918919
1 0.9175 0.4577702702702703 0.008636363636363636 0.01418918918918919
1 0.6331818181818182 0.46452702702702703 0.007272727272727273 0.015540540540540541
1 0.5613636363636364 0.475 0.00909090909090909 0.01891891891891892
1 0.49818181818181817 0.4966216216216216 0.016363636363636365 0.02837837837837838
1 0.3625 0.5635135135135135 0.03409090909090909 0.05405405405405406
0 0.7184090909090909 0.4820945945945946 0.010454545454545454 0.02364864864864865
0 0.7234090909090909 0.5077702702702702 0.017727272727272727 0.03310810810810811
0 0.7804545454545454 0.47331081081081083 0.011818181818181818 0.019594594594594596
0 0.9004545454545455 0.4689189189189189 0.011818181818181818 0.01891891891891892
0 0.8209090909090909 0.591554054054054 0.04727272727272727 0.06959459459459459
