1 0.4890909090909091 0.5597972972972973 0.07727272727272727 0.13986486486486485
0 0.8547727272727272 0.2905405405405405 0.018636363636363635 0.02972972972972973
0 0.7122727272727273 0.2695945945945946 0.01090909090909091 0.021621621621621623
1 0.6881818181818182 0.3097972972972973 0.017272727272727273 0.03581081081081081
1 0.6163636363636363 0.2814189189189189 0.012727272727272728 0.026351351351351353
1 0.3675 0.2665540540540541 0.012272727272727272 0.020945945945945947
1 0.7204545454545455 0.36824324324324326 0.038181818181818185 0.060810810810810814
1 0.4884090909090909 0.2682432432432432 0.010454545454545454 0.022972972972972974
1 0.2275 0.2641891891891892 0.011363636363636364 0.022972972972972974
1 0.10772727272727273 0.2581081081081081 0.012727272727272728 0.022972972972972974
0 0.5793181818181818 0.26013513513513514 0.007727272727272728 0.016216216216216217
