0 0.7231818181818181 0.4831081081081081 0.011818181818181818 0.024324324324324326
0 0.7304545454545455 0.5114864864864865 0.019090909090909092 0.033783783783783786
0 0.7856818181818181 0.47364864864864864 0.013181818181818182 0.02027027027027027
0 0.9081818181818182 0.4685810810810811 0.012727272727272728 0.019594594594594596
0 0.8465909090909091 0.6057432432432432 0.05409090909090909 0.0777027027027027
1 0.8256818181818182 0.45844594594594595 0.009545454545454546 0.01418918918918919
1 0.7272727272727273 0.46047297297297296 0.007272727272727273 0.01418918918918919
1 0.634090909090909 0.4648648648648649 0.008181818181818182 0.016216216216216217
1 0.5615909090909091 0.4760135135135135 0.009545454545454546 0.019594594594594596
1 0.49613636363636365 0.49898648648648647 0.01681818181818182 0.029054054054054056
1 0.3502272727272727 0.5726351351351351 0.03681818181818182 0.057432432432432436
1 0.9231818181818182 0.4574324324324324 0.00909090909090909 0.014864864864864866
