1 0.19590909090909092 0.6510135135135136 0.06636363636363636 0.09527027027027027
1 0.4445454545454545 0.5388513513513513 0.024545454545454544 0.04527027027027027
1 0.5243181818181818 0.5027027027027027 0.014090909090909091 0.02972972972972973
1 0.5665909090909091 0.4851351351351351 0.012272727272727272 0.022972972972972974
1 0.5597727272727273 0.47466216216216217 0.007727272727272728 0.018243243243243244
1 0.5215909090909091 0.4672297297297297 0.007727272727272728 0.015540540540540541
1 0.4725 0.4631756756756757 0.005909090909090909 0.012837837837837839
1 0.42477272727272725 0.46216216216216216 0.005 0.012162162162162163
1 0.3831818181818182 0.46216216216216216 0.006363636363636364 0.013513513513513514
1 0.3322727272727273 0.4652027027027027 0.006363636363636364 0.011486486486486487
1 0.2531818181818182 0.4706081081081081 0.008181818181818182 0.01418918918918919
1 0.15409090909090908 0.47702702702702704 0.00909090909090909 0.014864864864864866
0 0.7920454545454545 0.5618243243243243 0.03590909090909091 0.057432432432432436
0 0.7768181818181819 0.5023648648648649 0.019090909090909092 0.030405405405405407
0 0.7506818181818182 0.4831081081081081 0.011363636363636364 0.022972972972972974
0 0.6686363636363636 0.4668918918918919 0.00909090909090909 0.016216216216216217
0 0.5970454545454545 0.4614864864864865 0.006818181818181818 0.013513513513513514
0 0.5345454545454545 0.4574324324324324 0.005454545454545455 0.012162162162162163
0 0.6115909090909091 0.4503378378378378 0.005 0.008783783783783784
0 0.6438636363636364 0.45135135135135135 0.005909090909090909 0.010810810810810811
0 0.6984090909090909 0.4527027027027027 0.005909090909090909 0.010810810810810811
0 0.7795454545454545 0.45337837837837835 0.006363636363636364 0.012162162162162163
0 0.8418181818181818 0.4523648648648649 0.007272727272727273 0.011486486486486487
0 0.8672727272727273 0.44966216216216215 0.006363636363636364 0.011486486486486487
0 0.8929545454545454 0.44763513513513514 0.005 0.008783783783783784
0 0.9095454545454545 0.4462837837837838 0.004545454545454545 0.008783783783783784
0 0.9345454545454546 0.4449324324324324 0.0036363636363636364 0.007432432432432433
0 0.6670454545454545 0.4462837837837838 0.003181818181818182 0.007432432432432433
0 0.6313636363636363 0.4483108108108108 0.0036363636363636364 0.008783783783783784
0 0.6163636363636363 0.44966216216216215 0.0036363636363636364 0.008783783783783784
0 0.6502272727272728 0.44763513513513514 0.004090909090909091 0.008783783783783784
0 0.47659090909090907 0.45675675675675675 0.005909090909090909 0.010810810810810811
0 0.4184090909090909 0.45844594594594595 0.005 0.011486486486486487
0 0.3609090909090909 0.4608108108108108 0.005454545454545455 0.010810810810810811
0 0.3104545454545454 0.4625 0.006363636363636364 0.012837837837837839
0 0.2409090909090909 0.46655405405405403 0.007272727272727273 0.01418918918918919
1 0.6840909090909091 0.4486486486486487 0.0036363636363636364 0.008108108108108109
1 0.6881818181818182 0.4489864864864865 0.0036363636363636364 0.007432432432432433
1 0.6945454545454546 0.44763513513513514 0.0036363636363636364 0.007432432432432433
1 0.7093181818181818 0.4469594594594595 0.003181818181818182 0.007432432432432433
1 0.7222727272727273 0.4506756756756757 0.004545454545454545 0.008108108108108109
1 0.7272727272727273 0.4445945945945946 0.0027272727272727275 0.006756756756756757
0 0.6802272727272727 0.4449324324324324 0.003181818181818182 0.007432432432432433
1 0.7625 0.45 0.005 0.00945945945945946
1 0.7877272727272727 0.44932432432432434 0.004545454545454545 0.008108108108108109
1 0.8152272727272727 0.4469594594594595 0.004090909090909091 0.008783783783783784
1 0.8563636363636363 0.4445945945945946 0.0036363636363636364 0.008108108108108109
1 0.8838636363636364 0.4435810810810811 0.004090909090909091 0.007432432432432433
0 0.09454545454545454 0.46385135135135136 0.0036363636363636364 0.006081081081081081
0 0.12863636363636363 0.46216216216216216 0.004545454545454545 0.006756756756756757
0 0.14977272727272728 0.47195945945945944 0.004090909090909091 0.01418918918918919
1 0.13522727272727272 0.4614864864864865 0.003181818181818182 0.006756756756756757
1 0.17113636363636364 0.4608108108108108 0.003181818181818182 0.005405405405405406
0 0.18227272727272728 0.4618243243243243 0.0036363636363636364 0.007432432432432433
0 0.23068181818181818 0.4594594594594595 0.004090909090909091 0.006756756756756757
1 0.21431818181818182 0.4591216216216216 0.003181818181818182 0.006081081081081081
1 0.27454545454545454 0.4564189189189189 0.0027272727272727275 0.00472972972972973
0 0.3054545454545455 0.4554054054054054 0.0027272727272727275 0.005405405405405406
1 0.32886363636363636 0.4543918918918919 0.0022727272727272726 0.00472972972972973
0 0.36022727272727273 0.45304054054054055 0.0022727272727272726 0.00472972972972973
1 0.37227272727272726 0.4523648648648649 0.0027272727272727275 0.00472972972972973
0 0.3956818181818182 0.452027027027027 0.0022727272727272726 0.005405405405405406
0 0.4193181818181818 0.4506756756756757 0.0022727272727272726 0.005405405405405406
1 0.4365909090909091 0.45 0.0022727272727272726 0.004054054054054054
1 0.45795454545454545 0.4486486486486487 0.0022727272727272726 0.004054054054054054
0 0.4665909090909091 0.4489864864864865 0.0022727272727272726 0.00472972972972973
1 0.4813636363636364 0.44763513513513514 0.0018181818181818182 0.00472972972972973
0 0.4875 0.44763513513513514 0.0022727272727272726 0.00472972972972973
0 0.5065909090909091 0.4462837837837838 0.0022727272727272726 0.00472972972972973
3 0.5034090909090909 0.4452702702702703 0.0022727272727272726 0.006756756756756757
1 0.5163636363636364 0.44594594594594594 0.0018181818181818182 0.004054054054054054
3 0.5202272727272728 0.4452702702702703 0.003181818181818182 0.006756756756756757
0 0.5329545454545455 0.4456081081081081 0.0022727272727272726 0.00472972972972973
0 0.5509090909090909 0.4449324324324324 0.0018181818181818182 0.0033783783783783786
0 0.5695454545454546 0.4449324324324324 0.0018181818181818182 0.00472972972972973
1 0.5552272727272727 0.4452702702702703 0.0022727272727272726 0.004054054054054054
1 0.5790909090909091 0.44425675675675674 0.0018181818181818182 0.0033783783783783786
0 0.5902272727272727 0.44425675675675674 0.0022727272727272726 0.00472972972972973
0 0.6093181818181819 0.44324324324324327 0.0022727272727272726 0.004054054054054054
0 0.6284090909090909 0.4429054054054054 0.0022727272727272726 0.00472972972972973
1 0.6240909090909091 0.44256756756756754 0.0018181818181818182 0.004054054054054054
1 0.6472727272727272 0.44256756756756754 0.0018181818181818182 0.004054054054054054
1 0.6686363636363636 0.44256756756756754 0.0018181818181818182 0.004054054054054054
0 0.6868181818181818 0.44222972972972974 0.0018181818181818182 0.00472972972972973
0 0.6920454545454545 0.4418918918918919 0.0022727272727272726 0.004054054054054054
0 0.6963636363636364 0.4435810810810811 0.0018181818181818182 0.00472972972972973
1 0.7061363636363637 0.44155405405405407 0.0022727272727272726 0.00472972972972973
1 0.7340909090909091 0.44222972972972974 0.0027272727272727275 0.00472972972972973
1 0.7402272727272727 0.44256756756756754 0.0022727272727272726 0.005405405405405406
1 0.7222727272727273 0.4456081081081081 0.0027272727272727275 0.006081081081081081
1 0.7293181818181819 0.44391891891891894 0.0022727272727272726 0.005405405405405406
1 0.7256818181818182 0.44155405405405407 0.0022727272727272726 0.00472972972972973
1 0.8397727272727272 0.4456081081081081 0.003181818181818182 0.007432432432432433
1 0.9154545454545454 0.4418918918918919 0.0036363636363636364 0.006756756756756757
