1 0.40795454545454546 0.5219594594594594 0.018636363636363635 0.03581081081081081
1 0.4677272727272727 0.4831081081081081 0.01 0.021621621621621623
1 0.495 0.46756756756756757 0.008181818181818182 0.014864864864864866
1 0.5077272727272727 0.46013513513513515 0.005454545454545455 0.012162162162162163
1 0.5243181818181818 0.45506756756756755 0.005 0.010135135135135136
1 0.5338636363636363 0.45135135135135135 0.004090909090909091 0.00945945945945946
0 0.5947727272727272 0.45506756756756755 0.005 0.008783783783783784
0 0.6006818181818182 0.4608108108108108 0.005909090909090909 0.010810810810810811
0 0.6079545454545454 0.4668918918918919 0.006818181818181818 0.014864864864864866
0 0.6281818181818182 0.4837837837837838 0.01090909090909091 0.021621621621621623
0 0.6729545454545455 0.5236486486486487 0.019545454545454546 0.03783783783783784
1 0.5372727272727272 0.4483108108108108 0.0027272727272727275 0.007432432432432433
1 0.5429545454545455 0.4466216216216216 0.003181818181818182 0.006756756756756757
1 0.5477272727272727 0.4449324324324324 0.0027272727272727275 0.006081081081081081
0 0.5904545454545455 0.4510135135135135 0.0036363636363636364 0.007432432432432433
1 0.5611363636363637 0.44425675675675674 0.003181818181818182 0.006081081081081081
1 0.5861363636363637 0.44324324324324327 0.0022727272727272726 0.005405405405405406
0 0.5872727272727273 0.4486486486486487 0.0027272727272727275 0.005405405405405406
0 0.6068181818181818 0.44391891891891894 0.0027272727272727275 0.005405405405405406
0 0.6336363636363637 0.4435810810810811 0.0027272727272727275 0.00472972972972973
1 0.6154545454545455 0.4429054054054054 0.0027272727272727275 0.00472972972972973
1 0.6411363636363636 0.4429054054054054 0.003181818181818182 0.00472972972972973
1 0.6745454545454546 0.4429054054054054 0.0027272727272727275 0.00472972972972973
1 0.7152272727272727 0.4435810810810811 0.0022727272727272726 0.00472972972972973
1 0.7475 0.44425675675675674 0.003181818181818182 0.006081081081081081
1 0.7763636363636364 0.44425675675675674 0.0036363636363636364 0.006081081081081081
1 0.8075 0.4449324324324324 0.004090909090909091 0.007432432432432433
1 0.8415909090909091 0.4445945945945946 0.004090909090909091 0.006756756756756757
1 0.885 0.4456081081081081 0.004545454545454545 0.007432432432432433
0 0.9165909090909091 0.4472972972972973 0.005909090909090909 0.00945945945945946
0 0.8222727272727273 0.4466216216216216 0.004545454545454545 0.008108108108108109
0 0.7834090909090909 0.4456081081081081 0.003181818181818182 0.007432432432432433
0 0.7440909090909091 0.4445945945945946 0.0027272727272727275 0.005405405405405406
0 0.7125 0.4445945945945946 0.0022727272727272726 0.005405405405405406
0 0.6709090909090909 0.4435810810810811 0.0027272727272727275 0.006081081081081081
0 0.5890909090909091 0.4456081081081081 0.0027272727272727275 0.006081081081081081
