0 0.6427272727272727 0.5375 0.023636363636363636 0.04391891891891892
0 0.6597727272727273 0.46621621621621623 0.007727272727272728 0.014864864864864866
0 0.7702272727272728 0.46824324324324323 0.008636363636363636 0.016216216216216217
0 0.8643181818181818 0.46554054054054056 0.009545454545454546 0.016216216216216217
0 0.5940909090909091 0.46385135135135136 0.006363636363636364 0.012837837837837839
0 0.5065909090909091 0.46114864864864863 0.005909090909090909 0.012837837837837839
0 0.42818181818181816 0.46385135135135136 0.006363636363636364 0.012837837837837839
0 0.3543181818181818 0.4689189189189189 0.006818181818181818 0.013513513513513514
0 0.2790909090909091 0.4760135135135135 0.00909090909090909 0.016891891891891893
0 0.2631818181818182 0.48614864864864865 0.013636363636363636 0.0222972972972973
0 0.33 0.4962837837837838 0.012727272727272728 0.025
0 0.4556818181818182 0.5128378378378379 0.01681818181818182 0.032432432432432434
1 0.19454545454545455 0.6881756756756757 0.07818181818181819 0.11418918918918919
1 0.23772727272727273 0.5824324324324325 0.042727272727272725 0.062162162162162166
1 0.08590909090909091 0.5368243243243244 0.035454545454545454 0.04121621621621622
1 0.07659090909090908 0.49155405405405406 0.01681818181818182 0.02364864864864865
1 0.1475 0.47736486486486485 0.011363636363636364 0.018243243243243244
1 0.2515909090909091 0.4685810810810811 0.007727272727272728 0.01418918918918919
1 0.33954545454545454 0.4625 0.005454545454545455 0.012837837837837839
1 0.4172727272727273 0.45844594594594595 0.004545454545454545 0.011486486486486487
1 0.49863636363636366 0.4564189189189189 0.004545454545454545 0.010135135135135136
1 0.5731818181818182 0.4564189189189189 0.004545454545454545 0.010135135135135136
1 0.6325 0.4581081081081081 0.005 0.010810810810810811
1 0.6968181818181818 0.4597972972972973 0.005454545454545455 0.012837837837837839
1 0.7768181818181819 0.4597972972972973 0.006363636363636364 0.012837837837837839
1 0.8906818181818181 0.45675675675675675 0.007727272727272728 0.012162162162162163
