0 0.7636363636363637 0.5320945945945946 0.028181818181818183 0.04391891891891892
0 0.6627272727272727 0.49493243243243246 0.013636363636363636 0.026351351351351353
0 0.6154545454545455 0.4766891891891892 0.01 0.018243243243243244
0 0.6265909090909091 0.4594594594594595 0.007727272727272728 0.013513513513513514
0 0.6375 0.4554054054054054 0.005909090909090909 0.012162162162162163
0 0.6311363636363636 0.45135135135135135 0.005 0.010810810810810811
0 0.615 0.4486486486486487 0.004545454545454545 0.00945945945945946
0 0.6088636363636364 0.4429054054054054 0.003181818181818182 0.007432432432432433
0 0.5677272727272727 0.4472972972972973 0.004545454545454545 0.00945945945945946
0 0.5631818181818182 0.44391891891891894 0.0036363636363636364 0.006756756756756757
0 0.5211363636363636 0.4483108108108108 0.004090909090909091 0.008783783783783784
0 0.5256818181818181 0.4449324324324324 0.003181818181818182 0.007432432432432433
1 0.3547727272727273 0.5557432432432432 0.02590909090909091 0.05337837837837838
1 0.4218181818181818 0.5101351351351351 0.015454545454545455 0.032432432432432434
1 0.45545454545454545 0.4891891891891892 0.011818181818181818 0.024324324324324326
1 0.46863636363636363 0.47702702702702704 0.00909090909090909 0.01891891891891892
1 0.4913636363636364 0.4652027027027027 0.007272727272727273 0.01418918918918919
1 0.5170454545454546 0.4597972972972973 0.005 0.012837837837837839
1 0.5381818181818182 0.45675675675675675 0.005454545454545455 0.010810810810810811
1 0.5481818181818182 0.4537162162162162 0.004545454545454545 0.010135135135135136
1 0.5013636363636363 0.452027027027027 0.004545454545454545 0.00945945945945946
1 0.15409090909090908 0.4851351351351351 0.00909090909090909 0.016216216216216217
1 0.10431818181818182 0.4648648648648649 0.005 0.008108108108108109
1 0.1859090909090909 0.46013513513513515 0.0036363636363636364 0.006756756756756757
1 0.26045454545454544 0.47533783783783784 0.008181818181818182 0.01418918918918919
1 0.2390909090909091 0.45675675675675675 0.0027272727272727275 0.006756756756756757
1 0.2863636363636364 0.4537162162162162 0.0027272727272727275 0.006081081081081081
1 0.3568181818181818 0.4648648648648649 0.005454545454545455 0.012162162162162163
1 0.42318181818181816 0.4581081081081081 0.004545454545454545 0.00945945945945946
1 0.4602272727272727 0.4543918918918919 0.005 0.010135135135135136
1 0.5781818181818181 0.44256756756756754 0.0027272727272727275 0.006756756756756757
1 0.6472727272727272 0.44155405405405407 0.0027272727272727275 0.006081081081081081
1 0.6745454545454546 0.44155405405405407 0.0027272727272727275 0.006081081081081081
1 0.6897727272727273 0.43885135135135134 0.0022727272727272726 0.00472972972972973
1 0.7079545454545455 0.43817567567567567 0.0022727272727272726 0.00472972972972973
1 0.7625 0.4375 0.0022727272727272726 0.00472972972972973
1 0.8038636363636363 0.4375 0.003181818181818182 0.006081081081081081
1 0.8381818181818181 0.43682432432432433 0.0027272727272727275 0.006081081081081081
1 0.8586363636363636 0.43682432432432433 0.0027272727272727275 0.006081081081081081
1 0.8772727272727273 0.4358108108108108 0.0027272727272727275 0.005405405405405406
1 0.8981818181818182 0.43513513513513513 0.0027272727272727275 0.005405405405405406
0 0.9304545454545454 0.43614864864864866 0.0036363636363636364 0.007432432432432433
0 0.9079545454545455 0.43682432432432433 0.003181818181818182 0.007432432432432433
0 0.8477272727272728 0.4375 0.0036363636363636364 0.007432432432432433
0 0.8077272727272727 0.43783783783783786 0.0027272727272727275 0.006756756756756757
0 0.7763636363636364 0.43716216216216214 0.0027272727272727275 0.006756756756756757
0 0.7456818181818182 0.43817567567567567 0.003181818181818182 0.006081081081081081
0 0.7213636363636363 0.43885135135135134 0.0027272727272727275 0.006081081081081081
0 0.730909090909091 0.44155405405405407 0.0036363636363636364 0.007432432432432433
0 0.7252272727272727 0.439527027027027 0.003181818181818182 0.007432432432432433
0 0.7054545454545454 0.4429054054054054 0.0036363636363636364 0.007432432432432433
0 0.6625 0.4429054054054054 0.004090909090909091 0.008783783783783784
0 0.16204545454545455 0.4780405405405405 0.008636363636363636 0.015540540540540541
0 0.2761363636363636 0.4668918918918919 0.006818181818181818 0.012162162162162163
0 0.22090909090909092 0.4597972972972973 0.0036363636363636364 0.007432432432432433
0 0.2636363636363636 0.45675675675675675 0.0027272727272727275 0.006756756756756757
0 0.3125 0.45337837837837835 0.003181818181818182 0.006756756756756757
0 0.3534090909090909 0.4506756756756757 0.0022727272727272726 0.005405405405405406
0 0.40204545454545454 0.4557432432432432 0.005 0.010135135135135136
0 0.3881818181818182 0.4483108108108108 0.0027272727272727275 0.00472972972972973
0 0.4115909090909091 0.4466216216216216 0.0022727272727272726 0.004054054054054054
0 0.43022727272727274 0.4449324324324324 0.0022727272727272726 0.00472972972972973
0 0.45022727272727275 0.4435810810810811 0.0022727272727272726 0.00472972972972973
0 0.4725 0.44324324324324327 0.0022727272727272726 0.005405405405405406
0 0.48977272727272725 0.44256756756756754 0.0022727272727272726 0.005405405405405406
1 0.32727272727272727 0.45135135135135135 0.0027272727272727275 0.005405405405405406
1 0.3593181818181818 0.4489864864864865 0.0022727272727272726 0.00472972972972973
1 0.385 0.44797297297297295 0.0018181818181818182 0.004054054054054054
1 0.4265909090909091 0.4449324324324324 0.0022727272727272726 0.00472972972972973
1 0.4929545454545455 0.4418918918918919 0.0022727272727272726 0.004054054054054054
1 0.5106818181818182 0.44155405405405407 0.0022727272727272726 0.00472972972972973
1 0.5279545454545455 0.44155405405405407 0.0022727272727272726 0.00472972972972973
1 0.5415909090909091 0.44256756756756754 0.0022727272727272726 0.005405405405405406
1 0.5522727272727272 0.4429054054054054 0.0027272727272727275 0.006081081081081081
0 0.9084090909090909 0.7462837837837838 0.05590909090909091 0.14391891891891892
1 0.4072727272727273 0.4462837837837838 0.0027272727272727275 0.00472972972972973
1 0.47613636363636364 0.4429054054054054 0.0022727272727272726 0.00472972972972973
1 0.45227272727272727 0.44324324324324327 0.0018181818181818182 0.004054054054054054
0 0.4634090909090909 0.4510135135135135 0.003181818181818182 0.008783783783783784
0 0.5020454545454546 0.44425675675675674 0.003181818181818182 0.00472972972972973
0 0.5045454545454545 0.4429054054054054 0.0027272727272727275 0.006081081081081081
1 0.5352272727272728 0.44155405405405407 0.0022727272727272726 0.00472972972972973
1 0.5375 0.4418918918918919 0.0022727272727272726 0.004054054054054054
1 0.5393181818181818 0.44222972972972974 0.0022727272727272726 0.00472972972972973
1 0.6115909090909091 0.4418918918918919 0.0022727272727272726 0.005405405405405406
1 0.6795454545454546 0.4412162162162162 0.0027272727272727275 0.005405405405405406
1 0.6813636363636364 0.43986486486486487 0.0027272727272727275 0.005405405405405406
0 0.3568181818181818 0.4591216216216216 0.006363636363636364 0.011486486486486487
0 0.1375 0.4648648648648649 0.004090909090909091 0.00945945945945946
